Year,BHAC6,BHAC5,BHAC5max,BHAC5min,AM4Age,AM4Freq,AMstack
2020,NaN,NaN,NaN,NaN,2013.9,NaN,NaN
2019,NaN,NaN,NaN,NaN,2012.5,NaN,NaN
2018,NaN,NaN,NaN,NaN,2011.2,NaN,NaN
2017,NaN,NaN,NaN,NaN,2009.8,NaN,NaN
2016,NaN,NaN,NaN,NaN,2008.5,NaN,NaN
2015,NaN,NaN,NaN,NaN,2007.1,NaN,NaN
2014,NaN,NaN,NaN,NaN,2005.7,NaN,NaN
2013,NaN,NaN,NaN,NaN,2004.4,NaN,NaN
2012,NaN,NaN,NaN,NaN,2003,NaN,NaN
2011,NaN,NaN,NaN,NaN,2001.6,NaN,NaN
2010,NaN,NaN,NaN,NaN,2000.2,NaN,NaN
2009,NaN,NaN,NaN,NaN,1998.9,NaN,NaN
2008,NaN,NaN,NaN,NaN,1997.5,NaN,NaN
2007,NaN,NaN,NaN,NaN,1996.1,NaN,NaN
2006,NaN,NaN,NaN,NaN,1994.8,NaN,NaN
2005,NaN,NaN,NaN,NaN,1993.4,NaN,NaN
2004,NaN,NaN,NaN,NaN,1992.1,NaN,NaN
2003,NaN,NaN,NaN,NaN,1990.7,NaN,NaN
2002,NaN,NaN,NaN,NaN,1989.3,NaN,NaN
2001,NaN,NaN,NaN,NaN,1988,NaN,NaN
2000,NaN,NaN,NaN,NaN,1986.6,NaN,NaN
1999,NaN,NaN,NaN,NaN,1985.4,NaN,NaN
1998,NaN,NaN,NaN,NaN,1984.3,NaN,NaN
1997,NaN,NaN,NaN,NaN,1983,NaN,NaN
1996,NaN,NaN,NaN,NaN,1981.9,NaN,NaN
1995,NaN,NaN,NaN,NaN,1980.7,NaN,NaN
1994,NaN,NaN,NaN,NaN,1979.4,NaN,NaN
1993,NaN,NaN,NaN,NaN,1978.2,NaN,NaN
1992,NaN,NaN,NaN,NaN,1976.9,NaN,NaN
1991,NaN,NaN,NaN,NaN,1975.7,NaN,NaN
1990,NaN,NaN,NaN,NaN,1974.4,NaN,NaN
1989,NaN,NaN,NaN,NaN,1973.2,NaN,NaN
1988,NaN,NaN,NaN,NaN,1972,NaN,NaN
1987,NaN,NaN,NaN,NaN,1970.7,NaN,NaN
1986,NaN,NaN,NaN,NaN,1969.5,NaN,NaN
1985,NaN,NaN,NaN,NaN,1968.3,NaN,NaN
1984,NaN,NaN,NaN,NaN,1967,NaN,NaN
1983,NaN,NaN,NaN,NaN,1965.8,NaN,NaN
1982,NaN,NaN,NaN,NaN,1964.6,NaN,NaN
1981,NaN,NaN,NaN,NaN,1963.4,2,NaN
1980,NaN,NaN,NaN,NaN,1962.1,2,NaN
1979,NaN,NaN,NaN,NaN,1961.2,2,NaN
1978,NaN,NaN,NaN,NaN,1960.4,2,NaN
1977,NaN,NaN,NaN,NaN,1959.6,2,NaN
1976,NaN,NaN,NaN,NaN,1958.8,2,NaN
1975,NaN,NaN,NaN,NaN,1958,2,NaN
1974,NaN,NaN,NaN,NaN,1957.2,2,NaN
1973,NaN,NaN,NaN,NaN,1956.5,2,NaN
1972,NaN,NaN,NaN,NaN,1955.7,2,NaN
1971,NaN,NaN,NaN,NaN,1955,2,2
1970,-0.87126,19.75,27.31,12.19,1954.3,2,2
1969,-0.87126,20.05,27.64,12.46,1953.5,2,2
1968,-0.97174,20.29,27.86,12.72,1952.8,2,2
1967,-0.97174,20.45,27.99,12.91,1952,2,2
1966,-0.53071,19.62,26.28,12.96,1951.2,2,2
1965,-0.53071,19.67,26.28,13.06,1950.4,2,2
1964,-0.60957,19.58,26.04,13.12,1949.5,2,2
1963,-0.51102,19.43,25.68,13.17,1948.7,2,2
1962,-0.44403,19.28,25.32,13.24,1947.9,2,2
1961,-0.44403,19.18,25.06,13.3,1947.1,2,2
1960,-0.44403,19.09,24.84,13.33,1946.2,2,2
1959,-0.44403,19.05,24.71,13.4,1945.3,2,2
1958,-0.58988,19.02,24.61,13.43,1944.3,2,2
1957,-0.55317,18.97,24.48,13.46,1943.3,2,2
1956,-0.55317,18.93,24.36,13.5,1942.3,2,2
1955,-0.65172,18.9,24.27,13.54,1941.2,2,2
1954,-0.68843,18.86,24.15,13.56,1940.1,2,2
1953,-0.62392,18.82,24.05,13.58,1939.1,2,2
1952,-0.70278,18.79,23.97,13.61,1938,2,2
1951,-0.76463,18.74,23.86,13.61,1936.9,2,2
1950,-0.76463,18.71,23.79,13.63,1935.9,2,2
1949,-0.76463,18.66,23.67,13.65,1934.9,2,2
1948,-0.83161,18.63,23.6,13.66,1933.9,2,2
1947,-0.83161,18.59,23.51,13.68,1932.8,2,2
1946,-0.89345,18.58,23.44,13.72,1931.9,2,2
1945,-0.89345,18.53,23.35,13.72,1930.8,2,2
1944,-0.89345,18.53,23.3,13.75,1929.8,2,2
1943,-0.89345,18.5,23.23,13.78,1928.8,2,2
1942,-0.85674,18.53,23.23,13.83,1927.9,2,2
1941,-0.85674,18.55,23.2,13.9,1927,2,2
1940,-0.85674,18.56,23.16,13.95,1926,2,2
1939,-0.85674,18.62,23.19,14.04,1924.8,2,2
1938,-0.92373,18.7,23.25,14.14,1923.5,2,2
1937,-0.92373,18.77,23.3,14.24,1922.3,2,2
1936,-0.92373,18.85,23.35,14.34,1921.1,2,2
1935,-0.92373,18.95,23.44,14.45,1919.8,2,2
1934,-0.92373,19.06,23.56,14.55,1918.6,2,2
1933,-0.92373,19.14,23.64,14.63,1917.3,2,2
1932,-0.92373,19.23,23.74,14.71,1916,2,2
1931,-0.92373,19.32,23.86,14.79,1914.7,2,2
1930,-0.82251,19.45,24,14.89,1913.5,2,2
1929,-0.82251,19.61,24.2,15.02,1912.3,2,2
1928,-0.75552,19.74,24.36,15.12,1911.1,2,2
1927,-0.67666,19.91,24.58,15.25,1910,2,2
1926,-0.67666,20.09,24.79,15.38,1908.9,2,2
1925,-0.67666,20.3,25.05,15.54,1907.7,2,2
1924,-0.67666,20.5,25.31,15.7,1906.7,2,2
1923,-0.71337,20.68,25.52,15.84,1905.7,2,2
1922,-0.71337,20.87,25.75,15.98,1904.6,1,2
1921,-0.71337,21.06,25.99,16.14,1903.5,1,2
1920,-0.64638,21.25,26.21,16.29,1902.5,1,2
1919,-0.74493,21.43,26.41,16.44,1901.4,1,2
1918,-0.74493,21.57,26.57,16.56,1900.1,1,2
1917,-0.68042,21.76,26.79,16.73,1899,1,2
1916,-0.68042,21.93,26.97,16.89,1897.7,1,2
1915,-0.64371,22.12,27.18,17.06,1896.4,1,2
1914,-0.70822,22.33,27.41,17.24,1895.1,1,2
1913,-0.64371,22.49,27.6,17.39,1893.8,1,2
1912,-0.64371,22.67,27.79,17.55,1892.5,1,2
1911,-0.64371,22.78,27.91,17.66,1891.2,1,2
1910,-0.64371,22.95,28.1,17.81,1890,1,1
1909,-0.66898,23.09,28.26,17.92,1888.7,1,1
1908,-0.57043,23.24,28.42,18.05,1887.4,1,1
1907,-0.57043,23.36,28.55,18.16,1886.1,2,1
1906,-0.57043,23.54,28.74,18.33,1885,2,1
1905,-0.53371,23.65,28.85,18.45,1883.7,2,1
1904,-0.497,23.84,29.06,18.62,1882.6,2,1
1903,-0.497,23.98,29.23,18.73,1881.5,1,1
1902,-0.497,24.15,29.41,18.88,1880.4,1,1
1901,-0.497,24.28,29.56,18.99,1879.3,1,1
1900,-0.39845,24.4,29.7,19.09,1878.2,1,1
1899,-0.39845,24.54,29.87,19.21,1877.2,1,1
1898,-0.36174,24.71,30.05,19.37,1876.2,1,1
1897,-0.36174,24.81,30.14,19.48,1875,1,1
1896,-0.36174,24.93,30.28,19.58,1873.9,1,1
1895,-0.33146,25.04,30.41,19.67,1872.7,1,1
1894,-0.26695,25.14,30.54,19.74,1871.5,1,1
1893,-0.23024,25.19,30.59,19.79,1870.3,1,1
1892,-0.23024,25.25,30.63,19.86,1869.1,1,1
1891,-0.14046,25.3,30.68,19.91,1867.9,1,2
1890,-0.16826,25.32,30.69,19.95,1866.7,1,2
1889,-0.26681,25.34,30.7,19.97,1865.5,1,2
1888,-0.09816,25.29,30.61,19.97,1864.3,1,3
1887,-0.16515,25.27,30.56,19.98,1863.1,1,3
1886,-0.16515,25.26,30.54,19.98,1861.9,1,3
1885,-0.16515,25.24,30.53,19.95,1860.7,1,3
1884,-0.09816,25.17,30.43,19.9,1859.5,1,3
1883,-0.16268,25.11,30.34,19.88,1858.4,1,3
1882,-0.22966,25.04,30.23,19.84,1857.3,1,3
1881,-0.13111,24.98,30.18,19.78,1856.1,2,2
1880,-0.22089,24.96,30.17,19.75,1855,2,2
1879,-0.22089,24.87,30.04,19.69,1854,2,2
1878,-0.22089,24.8,29.97,19.64,1852.9,2,2
1877,-0.36674,24.78,29.94,19.63,1851.8,2,2
1876,-0.38644,24.72,29.84,19.59,1850.6,2,2
1875,-0.42858,24.65,29.76,19.54,1849.5,2,2
1874,-0.39187,24.61,29.71,19.5,1848.3,2,2
1873,-0.32489,24.55,29.65,19.45,1847.1,2,2
1872,-0.28817,24.49,29.58,19.41,1845.9,2,2
1871,-0.1726,24.44,29.52,19.37,1844.6,2,2
1870,-0.13589,24.43,29.52,19.35,1843.5,2,2
1869,-0.20288,24.43,29.51,19.34,1842.1,2,2
1868,-0.20288,24.44,29.52,19.35,1840.9,2,2
1867,-0.16616,24.45,29.54,19.36,1839.6,2,2
1866,-0.19396,24.52,29.61,19.43,1838.4,2,2
1865,-0.19396,24.55,29.64,19.47,1837.3,2,2
1864,-0.23068,24.6,29.69,19.5,1836.2,2,2
1863,-0.23068,24.7,29.8,19.6,1835.2,2,2
1862,-0.26224,24.86,30,19.72,1834.1,2,2
1861,-0.32923,25.03,30.21,19.85,1833.1,2,2
1860,-0.32923,25.19,30.39,19.98,1832.1,2,2
1859,-0.12387,25.37,30.62,20.11,1831,2,3
1858,-0.08716,25.58,30.9,20.27,1829.9,2,3
1857,-0.08716,25.84,31.2,20.48,1828.8,2,3
1856,0.07838,26.09,31.5,20.67,1827.5,2,3
1855,0.07838,26.28,31.74,20.81,1826.3,2,3
1854,0.12053,26.56,32.1,21.03,1825.2,2,3
1853,0.083818,26.83,32.41,21.24,1824,3,3
1852,0.019305,27.12,32.75,21.48,1822.8,3,3
1851,0.083818,27.4,33.1,21.7,1821.4,3,3
1850,0.083818,27.69,33.47,21.91,1820.2,3,3
1849,0.047106,27.99,33.85,22.14,1818.8,3,3
1848,0.047106,28.26,34.19,22.32,1817.5,3,3
1847,0.010394,28.51,34.52,22.49,1816.4,3,3
1846,0.010394,28.76,34.85,22.67,1815,3,3
1845,0.252321,28.97,35.12,22.82,1813.7,3,3
1844,0.252321,29.17,35.39,22.96,1812.7,3,3
1843,0.252321,29.32,35.57,23.07,1811.5,3,3
1842,0.280122,29.48,35.78,23.19,1810.6,3,3
1841,0.395695,29.64,35.97,23.32,1809.6,4,3
1840,0.395695,29.77,36.12,23.42,1808.9,4,3
1839,0.358984,29.89,36.26,23.52,1808.1,4,3
1838,0.395695,30.02,36.43,23.61,1807.4,4,3
1837,0.395695,30.11,36.54,23.69,1806.7,4,3
1836,0.395695,30.2,36.64,23.77,1806,4,3
1835,0.474557,30.3,36.76,23.84,1805.5,4,3
1834,0.511269,30.38,36.86,23.91,1804.7,4,3
1833,0.511269,30.48,36.98,23.98,1804.2,4,3
1832,0.575781,30.62,37.15,24.09,1803.5,4,3
1831,0.679481,30.75,37.3,24.19,1802.9,4,3
1830,0.716193,30.89,37.47,24.3,1802.3,4,3
1829,0.688392,31,37.61,24.39,1801.5,4,3
1828,0.688392,31.06,37.69,24.43,1800.9,4,3
1827,0.621405,31.19,37.86,24.51,1800.2,4,3
1826,0.542543,31.27,37.97,24.57,1799.5,4,3
1825,0.542543,31.34,38.06,24.61,1798.7,4,3
1824,0.542543,31.36,38.09,24.62,1797.9,4,3
1823,0.505831,31.42,38.19,24.64,1797.1,4,3
1822,0.570343,31.48,38.28,24.68,1796.3,4,3
1821,0.533631,31.52,38.33,24.71,1795.4,4,3
1820,0.533631,31.6,38.44,24.75,1794.5,4,3
1819,0.494444,31.67,38.55,24.8,1794,4,3
1818,0.494444,31.74,38.67,24.81,1793.4,4,3
1817,0.531156,31.83,38.81,24.86,1792.9,4,3
1816,0.466644,31.89,38.9,24.88,1792.4,4,3
1815,0.575781,31.92,38.97,24.87,1791.8,4,3
1814,0.575781,31.93,39.01,24.86,1791.2,4,3
1813,0.732552,31.95,39.05,24.85,1790.7,4,4
1812,0.704751,32.05,39.21,24.89,1790,4,4
1811,0.741463,32.11,39.32,24.89,1789.3,4,4
1810,0.741463,32.16,39.43,24.89,1788.6,4,4
1809,0.805975,32.19,39.5,24.88,1787.9,4,4
1808,0.769264,32.22,39.57,24.88,1787.2,4,4
1807,0.633998,32.25,39.64,24.87,1786.6,4,4
1806,0.633998,32.31,39.75,24.86,1786,3,4
1805,0.633998,32.3,39.79,24.81,1785.4,3,4
1804,0.633998,32.32,39.87,24.77,1784.9,3,4
1803,0.735223,32.29,39.91,24.68,1784.3,3,4
1802,0.735223,32.3,39.96,24.64,1783.8,3,4
1801,0.735223,32.28,40,24.57,1783.3,3,4
1800,0.735223,32.29,40.06,24.52,1782.8,3,4
1799,0.726452,32.27,40.1,24.44,1781.9,3,5
1798,0.763164,32.23,40.12,24.35,1780.9,3,5
1797,0.799876,32.16,40.13,24.18,1780,3,5
1796,0.799876,32.09,40.14,24.05,1779.1,3,5
1795,0.836588,32.04,40.16,23.91,1778.2,3,5
1794,0.806312,31.95,40.11,23.79,1777.4,3,5
1793,0.741799,31.85,40.05,23.66,1776.6,3,5
1792,0.831582,31.8,40.06,23.54,1775.8,3,6
1791,0.831582,31.71,40.06,23.37,1775,3,5
1790,0.7696,31.63,40.05,23.2,1774.1,3,5
1789,0.7696,31.54,40.04,23.03,1773.4,3,5
1788,0.7696,31.4,39.98,22.82,1772.6,3,4
1787,0.564244,31.31,39.99,22.63,1771.9,3,4
1786,0.600956,31.22,39.98,22.47,1771.1,3,4
1785,0.600956,31.12,39.96,22.29,1770.4,3,4
1784,0.665468,30.98,39.88,22.09,1769.7,3,4
1783,0.561768,30.89,39.86,21.92,1768.9,3,4
1782,0.561768,30.79,39.84,21.73,1768.2,3,4
1781,0.561768,30.66,39.77,21.54,1767.5,3,4
1780,0.347641,30.53,39.67,21.39,1766.8,3,4
1779,0.310929,30.37,39.54,21.2,1765.1,3,4
1778,0.274218,30.3,39.53,21.07,1763.2,3,4
1777,0.237506,30.16,39.42,20.9,1761.4,3,4
1776,0.237506,30.02,39.31,20.72,1759.6,3,4
1775,0.158644,29.91,39.22,20.6,1757.7,3,4
1774,0.158644,29.81,39.13,20.48,1755.7,2,4
1773,0.121932,29.69,39,20.37,1753.8,2,4
1772,0.054944,29.55,38.85,20.25,1752,2,4
1771,0.054944,29.4,38.69,20.1,1750.2,2,4
1770,0.012794,29.32,38.6,20.03,1748.3,2,4
1769,-0.02392,29.2,38.45,19.95,1746.6,3,4
1768,0.012794,29.11,38.35,19.87,1744.9,3,4
1767,0.102577,28.95,38.14,19.75,1743.3,3,5
1766,0.065865,28.85,38.03,19.66,1741.6,3,5
1765,0.029153,28.75,37.92,19.59,1740,3,5
1764,0.029153,28.66,37.79,19.53,1738.4,3,5
1763,0.065865,28.58,37.66,19.49,1736.8,3,5
1762,0.181439,28.47,37.5,19.44,1735.2,3,5
1761,0.077739,28.34,37.32,19.36,1733.7,3,5
1760,0.10554,28.19,37.1,19.27,1732.1,3,5
1759,0.204093,28.03,36.89,19.18,1730.5,3,4
1758,0.07216,27.91,36.71,19.11,1728.9,3,4
1757,0.139148,27.75,36.48,19.02,1727.2,3,4
1756,0.139148,27.58,36.24,18.91,1725.7,3,4
1755,-0.02639,27.41,36.03,18.79,1724,3,4
1754,-0.02639,27.3,35.86,18.73,1722.3,3,4
1753,-0.14197,27.1,35.58,18.62,1720.5,3,4
1752,-0.11169,26.97,35.41,18.52,1718.8,3,4
1751,-0.11169,26.8,35.19,18.42,1716.9,3,4
1750,-0.13949,26.62,34.95,18.29,1715.2,3,4
1749,-0.13949,26.48,34.74,18.22,1713.5,3,4
1748,-0.13949,26.3,34.48,18.12,1711.8,3,4
1747,-0.1762,26.16,34.27,18.04,1710,3,4
1746,-0.21291,26.03,34.06,17.99,1708.4,2,4
1745,-0.1484,25.88,33.84,17.92,1706.9,2,4
1744,-0.42704,25.81,33.73,17.89,1705.3,2,4
1743,-0.42704,25.75,33.63,17.87,1703.7,2,4
1742,-0.42704,25.72,33.58,17.86,1702.1,2,4
1741,-0.40177,25.72,33.56,17.87,1700.6,2,5
1740,-0.48063,25.69,33.52,17.86,1699.2,2,5
1739,-0.44392,25.66,33.48,17.84,1697.6,2,5
1738,-0.34537,25.68,33.51,17.85,1696,2,5
1737,-0.34537,25.66,33.48,17.84,1694.4,2,5
1736,-0.34537,25.66,33.49,17.83,1692.6,2,5
1735,-0.21654,25.67,33.5,17.84,1690.9,2,5
1734,-0.2954,25.71,33.57,17.85,1689.2,2,5
1733,-0.2954,25.75,33.64,17.85,1687.5,2,5
1732,-0.25869,25.77,33.69,17.86,1685.8,2,5
1731,-0.28649,25.79,33.72,17.85,1684.3,2,5
1730,-0.35348,25.8,33.77,17.83,1682.3,2,5
1729,-0.35348,25.8,33.82,17.79,1680.7,2,5
1728,-0.35348,25.85,33.93,17.78,1679.2,2,5
1727,-0.35348,25.92,34.04,17.8,1677.3,2,5
1726,-0.28896,25.95,34.09,17.81,1675.6,2,5
1725,-0.28896,26.01,34.19,17.83,1673.8,2,5
1724,-0.08671,26.06,34.27,17.85,1672.1,2,5
1723,-0.08671,26.12,34.37,17.87,1670.4,2,5
1722,-0.08671,26.08,34.33,17.83,1668.8,2,5
1721,-0.15122,26.1,34.38,17.82,1667.2,2,5
1720,-0.01596,26.14,34.44,17.85,1665.6,2,5
1719,0.037111,26.15,34.48,17.82,1663.9,2,6
1718,-0.0274,26.18,34.53,17.83,1662.4,2,6
1717,0.03444,26.27,34.64,17.89,1660.7,2,6
1716,0.03444,26.34,34.75,17.93,1659.1,2,6
1715,0.098953,26.36,34.8,17.93,1657.4,2,6
1714,-0.01018,26.45,34.9,18.01,1655.8,2,6
1713,0.026527,26.55,35,18.09,1654.2,2,5
1712,-0.16696,26.59,35.03,18.14,1652.5,2,5
1711,-0.20367,26.65,35.08,18.22,1650.9,2,5
1710,-0.20367,26.73,35.14,18.32,1649.1,2,5
1709,-0.13668,26.79,35.16,18.42,1647.6,2,5
1708,-0.20119,26.85,35.18,18.52,1645.9,1,5
1707,-0.30242,26.93,35.25,18.62,1644.2,1,5
1706,-0.30242,27.05,35.35,18.75,1642.6,1,5
1705,-0.21263,27.21,35.46,18.95,1640.9,1,6
1704,-0.14565,27.32,35.56,19.07,1639.1,1,6
1703,-0.04709,27.47,35.67,19.28,1637.6,1,6
1702,-0.1116,27.62,35.77,19.47,1635.9,1,6
1701,-0.1116,27.75,35.84,19.65,1634.3,1,6
1700,-0.03274,27.89,35.93,19.85,1632.7,1,6
1699,-0.06945,28.05,36.03,20.07,1631.2,1,5
1698,-0.15924,28.21,36.15,20.27,1629.4,1,5
1697,-0.15924,28.36,36.23,20.49,1627.5,1,5
1696,-0.15924,28.5,36.31,20.7,1625.6,1,5
1695,-0.06068,28.68,36.46,20.91,1623.7,0,5
1694,-0.06068,28.88,36.62,21.14,1621.7,0,5
1693,0.003828,29.09,36.81,21.37,1619.8,0,5
1692,-0.03288,29.27,36.96,21.58,1617.8,0,4
1691,0.012599,29.44,37.1,21.77,1615.7,0,4
1690,0.079587,29.65,37.29,22,1613.7,0,4
1689,0.015074,29.92,37.55,22.28,1612,0,4
1688,0.057224,30.1,37.71,22.5,1609.9,0,4
1687,0.057224,30.34,37.93,22.75,1608.1,0,4
1686,0.23731,30.58,38.15,23,1606.4,0,4
1685,0.23731,30.82,38.4,23.24,1604.3,0,4
1684,0.23731,31.06,38.6,23.51,1602.6,0,4
1683,0.316172,31.33,38.86,23.79,1600.9,0,4
1682,0.316172,31.56,39.05,24.06,1599.2,0,4
1681,0.346448,31.76,39.23,24.29,1597.5,0,4
1680,0.309736,32.01,39.47,24.56,1595.9,0,4
1679,0.41096,32.27,39.71,24.83,1594.4,0,4
1678,0.41096,32.57,39.97,25.16,1592.9,0,4
1677,0.447672,32.83,40.2,25.46,1591.5,0,4
1676,0.601967,33.05,40.4,25.69,1590,0,5
1675,0.668955,33.29,40.62,25.96,1588.6,0,5
1674,0.668955,33.55,40.88,26.21,1587.2,0,5
1673,0.632243,33.79,41.13,26.46,1585.7,0,5
1672,0.632243,34.05,41.39,26.72,1584.4,0,5
1671,0.722026,34.34,41.7,26.98,1583,0,6
1670,0.800887,34.61,41.98,27.24,1581.6,0,6
1669,0.843037,34.85,42.24,27.46,1580.1,0,6
1668,0.843037,35.07,42.48,27.66,1578.7,0,6
1667,0.843037,35.32,42.75,27.89,1577.6,0,5
1666,0.851808,35.53,42.97,28.09,1576.3,0,5
1665,0.851808,35.75,43.21,28.29,1574.9,1,5
1664,0.851808,35.92,43.36,28.47,1573.6,1,5
1663,0.851808,36.18,43.67,28.7,1572.2,1,5
1662,0.904879,36.41,43.92,28.91,1570.8,1,6
1661,0.893005,36.65,44.19,29.11,1569.5,1,6
1660,0.893005,36.84,44.41,29.27,1568.2,1,6
1659,0.89548,37.06,44.67,29.44,1566.9,1,6
1658,0.875788,37.27,44.92,29.62,1565.7,1,6
1657,0.875788,37.48,45.16,29.79,1564.2,1,6
1656,0.808801,37.65,45.36,29.95,1563.1,1,6
1655,0.808801,37.83,45.55,30.1,1561.8,1,6
1654,0.808801,37.99,45.73,30.25,1560.5,1,6
1653,0.808801,38.17,45.93,30.42,1559.4,1,6
1652,0.875788,38.32,46.1,30.54,1558.2,1,6
1651,0.808801,38.45,46.23,30.67,1557,1,6
1650,0.845513,38.6,46.39,30.81,1555.8,1,6
1649,0.845513,38.7,46.48,30.93,1554.7,1,6
1648,0.935295,38.78,46.54,31.02,1553.5,1,7
1647,0.935295,38.9,46.67,31.13,1552.2,1,7
1646,0.935295,39.04,46.8,31.29,1550.9,1,7
1645,1.014157,39.17,46.93,31.4,1549.8,1,7
1644,0.949645,39.28,47.02,31.55,1548.8,1,7
1643,0.949645,39.35,47.07,31.63,1547.6,1,7
1642,0.949645,39.42,47.1,31.73,1546.5,1,7
1641,0.949645,39.49,47.14,31.83,1545.4,1,6
1640,0.82315,39.52,47.13,31.91,1544.3,1,6
1639,0.912933,39.57,47.15,31.99,1542.9,1,7
1638,0.912933,39.66,47.19,32.12,1541.6,1,7
1637,0.814379,39.7,47.2,32.2,1540.4,1,7
1636,0.777668,39.76,47.23,32.28,1539.1,1,7
1635,0.904021,39.88,47.33,32.43,1537.9,1,7
1634,0.817342,39.95,47.37,32.52,1536.5,1,7
1633,0.854054,39.98,47.37,32.59,1535.2,1,7
1632,0.890766,40.01,47.34,32.69,1533.9,1,7
1631,0.99199,40.05,47.35,32.75,1532.6,1,7
1630,1.028702,40.09,47.36,32.81,1531.3,2,7
1629,1.028702,40.14,47.38,32.9,1530.1,2,7
1628,1.058978,40.18,47.37,32.98,1528.7,2,7
1627,1.09569,40.17,47.33,33.01,1527.3,2,7
1626,1.09569,40.19,47.34,33.04,1526,2,7
1625,1.098165,40.21,47.34,33.08,1524.7,2,7
1624,1.098165,40.18,47.29,33.07,1523.3,2,7
1623,0.932624,40.2,47.31,33.1,1522,2,7
1622,1.036324,40.22,47.34,33.11,1520.6,2,7
1621,1.073036,40.31,47.47,33.15,1519.5,2,7
1620,1.109747,40.36,47.54,33.18,1518.3,2,7
1619,1.011194,40.42,47.64,33.2,1517,2,6
1618,0.958124,40.44,47.67,33.21,1515.7,2,6
1617,1.056677,40.46,47.7,33.21,1514.5,2,6
1616,1.022636,40.45,47.74,33.16,1513,2,6
1615,1.022636,40.46,47.77,33.15,1511.6,2,6
1614,1.025111,40.52,47.85,33.18,1510.3,2,6
1613,1.025111,40.53,47.9,33.15,1509.1,2,6
1612,0.988399,40.53,47.95,33.1,1507.7,2,6
1611,0.988399,40.55,48.04,33.06,1506.4,2,6
1610,1.025111,40.54,48.08,33,1505.1,2,6
1609,1.025111,40.55,48.16,32.95,1503.9,2,6
1608,1.025111,40.55,48.23,32.86,1502.6,2,6
1607,1.025111,40.56,48.33,32.8,1501.3,2,6
1606,1.128811,40.53,48.36,32.69,1500.1,2,6
1605,1.128811,40.52,48.42,32.62,1498.7,2,5
1604,1.106016,40.48,48.47,32.5,1497.5,2,5
1603,1.039028,40.46,48.51,32.42,1496.4,2,5
1602,0.977187,40.4,48.53,32.28,1495,3,5
1601,1.013899,40.36,48.56,32.16,1493.9,3,5
1600,1.050611,40.31,48.59,32.03,1492.6,3,5
1599,1.002025,40.23,48.57,31.89,1491.5,3,5
1598,1.002025,40.13,48.52,31.73,1490.2,3,5
1597,1.002025,40.06,48.5,31.61,1489,3,5
1596,1.066537,39.98,48.49,31.48,1487.7,3,5
1595,1.066537,39.92,48.48,31.37,1486.4,3,5
1594,1.066537,39.8,48.37,31.23,1485,3,5
1593,1.066537,39.71,48.3,31.13,1483.7,3,5
1592,1.002025,39.61,48.2,31.02,1482.3,3,5
1591,1.038737,39.56,48.15,30.96,1481,3,5
1590,0.976895,39.48,48.08,30.88,1479.8,3,5
1589,0.909908,39.35,47.92,30.77,1478.4,3,5
1588,1.008461,39.14,47.66,30.61,1477.1,3,5
1587,0.929599,39,47.49,30.51,1475.6,2,5
1586,0.929599,38.84,47.28,30.39,1474.2,3,5
1585,0.822937,38.68,47.07,30.29,1472.8,3,5
1584,0.822937,38.51,46.85,30.17,1471.4,3,5
1583,0.822937,38.3,46.6,30.01,1469.9,3,5
1582,0.642851,38.1,46.34,29.86,1468.6,3,5
1581,0.606139,37.92,46.12,29.72,1467.3,3,5
1580,0.592222,37.78,45.94,29.61,1465.9,3,6
1579,0.55551,37.58,45.7,29.46,1464.9,3,6
1578,0.557986,37.4,45.49,29.31,1463.6,3,6
1577,0.594697,37.17,45.22,29.11,1462.5,3,6
1576,0.636847,36.94,44.96,28.92,1461.3,3,5
1575,0.445841,36.77,44.74,28.8,1460.1,3,5
1574,0.378853,36.59,44.52,28.66,1458.8,3,5
1573,0.378853,36.41,44.29,28.52,1457.6,3,5
1572,0.378853,36.21,44.07,28.35,1456.3,3,5
1571,0.342141,36.04,43.88,28.2,1454.9,3,4
1570,0.215646,35.8,43.61,27.99,1453.7,3,4
1569,0.198626,35.61,43.4,27.82,1452.4,3,4
1568,0.119764,35.41,43.17,27.65,1451.1,3,4
1567,0.083052,35.25,42.99,27.51,1449.8,3,4
1566,0.083052,35.04,42.75,27.33,1448.4,4,4
1565,-0.0155,34.87,42.55,27.19,1447,4,4
1564,0.063361,34.65,42.29,27,1445.7,4,4
1563,0.167061,34.46,42.09,26.82,1444.3,4,4
1562,0.167061,34.24,41.85,26.63,1443,4,3
1561,0.077278,34.07,41.68,26.46,1441.7,4,3
1560,0.01029,33.87,41.46,26.27,1440.4,4,3
1559,-0.02642,33.73,41.32,26.14,1439.5,4,3
1558,-0.09341,33.57,41.13,26,1438.6,4,3
1557,-0.09341,33.39,40.94,25.83,1437.6,4,3
1556,-0.0567,33.23,40.77,25.7,1436.7,4,3
1555,-0.09341,33.14,40.67,25.61,1435.7,4,3
1554,-0.09341,32.98,40.5,25.47,1434.7,4,3
1553,-0.09341,32.88,40.4,25.35,1433.8,4,3
1552,-0.09341,32.78,40.32,25.23,1432.8,4,3
1551,-0.19711,32.69,40.23,25.16,1431.8,3,3
1550,-0.23382,32.6,40.13,25.06,1430.7,3,3
1549,-0.27053,32.49,40.05,24.94,1429.6,3,3
1548,-0.20354,32.46,40.03,24.88,1428.6,3,2
1547,-0.29333,32.4,39.99,24.82,1427.5,3,2
1546,-0.22634,32.37,39.99,24.75,1426.3,3,2
1545,-0.11077,32.31,39.97,24.65,1425.1,3,2
1544,-0.18963,32.27,39.96,24.58,1424,3,2
1543,-0.18963,32.25,39.98,24.51,1422.7,4,2
1542,-0.18963,32.25,40.02,24.48,1421.6,4,2
1541,-0.18963,32.28,40.1,24.46,1420.4,4,2
1540,-0.13656,32.32,40.21,24.44,1419.3,4,3
1539,-0.0577,32.33,40.28,24.38,1418.5,4,2
1538,-0.14748,32.35,40.35,24.35,1417.7,4,2
1537,-0.01221,32.35,40.41,24.28,1416.9,4,2
1536,0.024499,32.33,40.43,24.23,1416.1,4,2
1535,0.061211,32.31,40.42,24.19,1415.2,4,2
1534,-0.04878,32.26,40.41,24.12,1414.4,4,3
1533,-0.02395,32.23,40.4,24.06,1413.6,4,3
1532,0.175831,32.19,40.36,24.01,1412.8,4,3
1531,0.212543,32.14,40.34,23.94,1412,4,3
1530,0.215019,32.1,40.3,23.9,1411.3,4,3
1529,0.215019,32.05,40.24,23.86,1410.5,4,3
1528,0.215019,31.99,40.18,23.81,1409.7,4,3
1527,0.263604,31.97,40.15,23.78,1408.9,4,3
1526,0.226893,31.9,40.05,23.74,1408.2,4,3
1525,0.263604,31.79,39.88,23.69,1407.5,4,3
1524,0.196617,31.73,39.79,23.67,1406.8,4,3
1523,0.275478,31.65,39.66,23.63,1406,4,3
1522,0.275478,31.54,39.5,23.58,1405.3,4,3
1521,0.245203,31.43,39.33,23.54,1404.7,4,3
1520,0.281914,31.32,39.13,23.5,1404,4,3
1519,0.318626,31.17,38.91,23.43,1403.1,4,3
1518,0.355338,31,38.65,23.35,1402.2,4,3
1517,0.355338,30.89,38.46,23.31,1401.2,4,3
1516,0.256785,30.74,38.24,23.23,1400.2,4,3
1515,0.192273,30.58,37.99,23.17,1399.4,4,3
1514,0.192273,30.42,37.73,23.1,1398.5,4,3
1513,0.125285,30.28,37.51,23.04,1397.6,4,3
1512,0.178356,30.11,37.26,22.96,1396.8,4,4
1511,0.178356,29.96,37.02,22.9,1395.9,4,4
1510,0.178356,29.79,36.76,22.82,1395,3,4
1509,0.215067,29.62,36.5,22.74,1394.1,3,4
1508,0.215067,29.45,36.24,22.65,1393.3,3,4
1507,0.184792,29.29,35.99,22.58,1392.4,3,4
1506,-0.06428,29.15,35.78,22.53,1391.6,3,4
1505,-0.14467,29.02,35.56,22.48,1390.8,3,4
1504,-0.14467,28.84,35.3,22.38,1390,3,4
1503,-0.22505,28.68,35.03,22.32,1389.2,4,4
1502,-0.22505,28.55,34.82,22.29,1388.5,4,4
1501,-0.22505,28.45,34.63,22.26,1387.7,4,4
1500,-0.22505,28.32,34.43,22.22,1386.8,4,4
1499,-0.11731,28.2,34.22,22.18,1386,4,5
1498,-0.10306,28.09,34.04,22.13,1385.1,4,5
1497,0.0152,28.02,33.92,22.11,1384.4,4,5
1496,0.0152,27.91,33.77,22.06,1383.6,4,5
1495,-0.06221,27.85,33.65,22.05,1382.7,4,5
1494,-0.06221,27.77,33.53,22.02,1381.8,4,5
1493,-0.18048,27.77,33.5,22.03,1380.9,4,5
1492,-0.18048,27.73,33.43,22.02,1380,4,5
1491,-0.18048,27.71,33.4,22.01,1379.1,4,5
1490,-0.18048,27.65,33.32,21.97,1378.1,4,5
1489,-0.00546,27.63,33.29,21.97,1377.2,4,5
1488,-0.00546,27.63,33.28,21.97,1376.3,4,5
1487,-0.12372,27.65,33.31,21.98,1375.4,4,5
1486,-0.12372,27.68,33.35,22.01,1374.4,3,5
1485,-0.04631,27.74,33.43,22.06,1373.5,3,5
1484,0.061431,27.78,33.47,22.09,1372.7,3,6
1483,0.061431,27.82,33.51,22.12,1371.8,3,6
1482,0.26008,27.89,33.61,22.17,1371,3,6
1481,0.26008,27.97,33.73,22.21,1370.2,3,6
1480,0.26008,28.03,33.82,22.24,1369.4,3,5
1479,0.152341,28.06,33.86,22.26,1368.5,3,5
1478,0.26008,28.17,34.01,22.33,1367.6,3,6
1477,0.179695,28.22,34.08,22.36,1366.7,3,6
1476,0.179695,28.24,34.11,22.37,1365.9,3,6
1475,0.085061,28.27,34.17,22.38,1364.9,3,6
1474,0.165446,28.33,34.26,22.41,1363.9,3,6
1473,0.26008,28.36,34.32,22.4,1363,3,6
1472,0.26008,28.37,34.36,22.38,1362.1,3,6
1471,0.26008,28.41,34.44,22.38,1361.2,3,6
1470,0.26008,28.42,34.47,22.36,1360.3,3,6
1469,0.367819,28.5,34.59,22.4,1359.2,3,7
1468,0.249555,28.51,34.62,22.39,1358.3,4,7
1467,0.249555,28.47,34.59,22.34,1357.4,4,7
1466,0.249555,28.46,34.6,22.32,1356.5,4,7
1465,0.249555,28.47,34.63,22.32,1355.5,4,7
1464,0.249555,28.5,34.67,22.33,1354.6,4,7
1463,0.154921,28.57,34.75,22.4,1353.8,5,7
1462,0.154921,28.63,34.82,22.43,1352.9,5,7
1461,0.154921,28.65,34.85,22.46,1352.1,5,7
1460,0.154921,28.66,34.84,22.47,1351.3,5,7
1459,0.154921,28.68,34.86,22.5,1350.4,5,7
1458,0.154921,28.69,34.87,22.51,1349.5,5,7
1457,0.154921,28.7,34.89,22.51,1348.7,5,7
1456,0.137702,28.78,35,22.57,1347.9,4,7
1455,0.232336,28.82,35.06,22.58,1347,4,7
1454,0.232336,28.89,35.18,22.59,1346.2,4,7
1453,0.232336,29.03,35.38,22.69,1345.3,4,7
1452,0.232336,29.12,35.48,22.76,1344.4,4,7
1451,0.41749,29.23,35.63,22.82,1343.6,5,8
1450,0.512124,29.32,35.78,22.87,1342.8,5,8
1449,0.512124,29.47,36.03,22.91,1341.9,5,8
1448,0.592509,29.6,36.21,22.99,1341.1,5,8
1447,0.606758,29.7,36.38,23.02,1340.4,5,8
1446,0.701392,29.86,36.63,23.09,1339.8,5,8
1445,0.621007,30.04,36.88,23.2,1338.9,5,8
1444,0.526373,30.23,37.14,23.32,1338.2,5,8
1443,0.634112,30.38,37.33,23.42,1337.4,5,9
1442,0.634112,30.47,37.47,23.48,1336.5,5,9
1441,0.634112,30.56,37.55,23.56,1335.8,5,9
1440,0.634112,30.56,37.54,23.59,1334.9,5,8
1439,0.526373,30.58,37.51,23.65,1334.1,5,8
1438,0.431739,30.58,37.47,23.69,1333.2,5,8
1437,0.431739,30.55,37.39,23.71,1332.2,6,8
1436,0.313475,30.55,37.34,23.76,1331.2,6,8
1435,0.313475,30.56,37.31,23.81,1330.3,6,8
1434,0.431739,30.51,37.23,23.79,1329.4,6,7
1433,0.324,30.5,37.17,23.83,1328.4,6,7
1432,0.243614,30.43,37.05,23.81,1327.3,6,7
1431,0.047936,30.41,36.98,23.84,1326.3,6,7
1430,0.14257,30.39,36.91,23.86,1325.2,6,7
1429,0.062184,30.32,36.8,23.84,1324.2,6,7
1428,0.062184,30.26,36.69,23.83,1323,7,7
1427,0.062184,30.22,36.6,23.84,1322.1,6,7
1426,-0.03245,30.13,36.47,23.8,1321.1,6,7
1425,0.169924,30.13,36.42,23.84,1320.1,6,8
1424,0.288187,30.13,36.37,23.89,1319.1,6,8
1423,0.288187,30.05,36.25,23.85,1318.2,6,8
1422,0.193553,30.05,36.21,23.88,1317.3,6,8
1421,0.193553,30.01,36.14,23.89,1316.4,6,8
1420,0.193553,30,36.1,23.9,1315.4,6,8
1419,0.193553,29.97,36.03,23.9,1314.6,6,8
1418,0.193553,29.96,35.99,23.93,1313.7,6,8
1417,0.273939,29.99,36,23.97,1312.8,6,8
1416,0.273939,29.98,35.96,24,1311.9,6,8
1415,0.351353,29.98,35.92,24.04,1311,6,8
1414,0.351353,29.97,35.86,24.07,1309.9,6,8
1413,0.351353,29.96,35.82,24.1,1309,6,8
1412,0.351353,29.92,35.74,24.11,1308,6,7
1411,0.243614,29.96,35.74,24.18,1307,6,7
1410,0.243614,29.97,35.71,24.23,1306,6,7
1409,0.361878,30.01,35.73,24.29,1304.8,6,7
1408,0.361878,30.03,35.72,24.34,1303.9,6,7
1407,0.361878,30.03,35.68,24.39,1302.9,6,7
1406,0.361878,30.04,35.64,24.44,1301.9,6,7
1405,0.361878,30.02,35.6,24.44,1300.9,6,7
1404,0.361878,30.02,35.57,24.46,1299.9,6,7
1403,0.361878,30.03,35.56,24.5,1299,6,7
1402,0.361878,29.99,35.51,24.48,1298.1,6,7
1401,0.361878,29.96,35.46,24.46,1297.1,6,7
1400,0.480142,29.98,35.48,24.48,1296.4,6,7
1399,0.480142,29.95,35.43,24.47,1295.5,6,6
1398,0.372403,29.94,35.4,24.47,1294.5,6,6
1397,0.277769,29.93,35.38,24.48,1293.7,6,6
1396,0.159505,29.88,35.29,24.46,1292.9,6,6
1395,0.23989,29.87,35.27,24.47,1292,6,6
1394,0.23989,29.81,35.18,24.43,1291.1,6,6
1393,0.347629,29.79,35.14,24.45,1290.2,6,7
1392,0.347629,29.71,35.04,24.38,1289.3,5,7
1391,0.347629,29.59,34.89,24.29,1288.3,5,7
1390,0.428015,29.5,34.77,24.23,1287.4,5,7
1389,0.428015,29.4,34.65,24.16,1286.6,5,7
1388,0.252995,29.28,34.49,24.08,1285.9,5,7
1387,0.252995,29.2,34.38,24.01,1285,5,7
1386,0.507472,29.09,34.22,23.95,1283.9,5,7
1385,0.507472,28.95,34.04,23.86,1283.1,5,7
1384,0.410704,28.8,33.86,23.75,1282.3,5,6
1383,0.394323,28.68,33.7,23.66,1281.6,5,6
1382,0.394323,28.55,33.52,23.57,1280.7,5,6
1381,0.246493,28.4,33.31,23.49,1279.8,5,6
1380,0.246493,28.24,33.08,23.41,1278.9,5,6
1379,0.246493,28.12,32.88,23.36,1278.1,5,6
1378,0.246493,28,32.73,23.27,1277.3,5,5
1377,0.111819,27.82,32.5,23.14,1276.6,5,5
1376,0.111819,27.68,32.33,23.03,1275.9,5,5
1375,0.111819,27.65,32.27,23.02,1275,5,5
1374,0.111819,27.57,32.16,22.97,1274.3,5,5
1373,0.111819,27.52,32.11,22.93,1273.4,5,5
1372,-0.00647,27.44,31.99,22.89,1272.6,5,5
1371,-0.00647,27.37,31.88,22.86,1271.9,5,5
1370,-0.00647,27.31,31.78,22.84,1271.1,5,5
1369,0.141356,27.26,31.71,22.81,1270.3,5,4
1368,0.006682,27.18,31.59,22.78,1269.4,5,4
1367,0.006682,27.18,31.58,22.78,1268.6,5,4
1366,0.006682,27.22,31.61,22.83,1267.8,5,4
1365,0.006682,27.24,31.63,22.85,1266.9,5,4
1364,0.006682,27.26,31.64,22.88,1266,5,4
1363,0.141356,27.28,31.67,22.9,1265.3,5,5
1362,0.141356,27.28,31.67,22.89,1264.5,5,5
1361,0.141356,27.29,31.68,22.89,1263.6,5,5
1360,0.141356,27.29,31.7,22.88,1262.8,5,5
1359,0.141356,27.31,31.75,22.87,1262.1,5,5
1358,0.27603,27.34,31.81,22.88,1261.4,5,6
1357,0.394323,27.38,31.87,22.89,1260.7,5,6
1356,0.394323,27.46,31.99,22.94,1259.9,5,6
1355,0.297554,27.47,31.98,22.95,1259.2,5,6
1354,0.313935,27.46,31.98,22.95,1258.5,4,7
1353,0.313935,27.45,31.93,22.97,1257.8,4,7
1352,0.313935,27.43,31.91,22.94,1257.1,4,7
1351,0.432228,27.42,31.89,22.95,1256.5,4,6
1350,0.200786,27.36,31.81,22.91,1255.7,4,6
1349,0.217167,27.33,31.76,22.9,1255,4,7
1348,0.313935,27.25,31.61,22.89,1254.3,4,7
1347,0.461765,27.2,31.52,22.87,1253.5,4,7
1346,0.343472,27.12,31.39,22.85,1252.6,4,7
1345,0.22518,27.01,31.21,22.81,1251.9,4,7
1344,0.22518,26.87,31.03,22.72,1251.2,4,7
1343,0.22518,26.74,30.82,22.66,1250.3,4,6
1342,0.090506,26.59,30.63,22.56,1249.7,4,6
1341,0.090506,26.54,30.54,22.53,1248.8,4,6
1340,0.090506,26.42,30.41,22.44,1248,4,6
1339,0.22518,26.42,30.41,22.43,1246.8,4,7
1338,0.22518,26.34,30.34,22.34,1245.7,4,7
1337,0.22518,26.33,30.37,22.3,1244.4,5,7
1336,0.37301,26.34,30.38,22.29,1243.2,4,7
1335,0.37301,26.3,30.36,22.23,1241.8,4,7
1334,0.37301,26.28,30.36,22.21,1240.6,4,7
1333,0.22518,26.32,30.4,22.24,1239.3,4,7
1332,0.22518,26.27,30.35,22.19,1238,4,7
1331,0.22518,26.3,30.41,22.2,1236.8,4,7
1330,0.22518,26.31,30.44,22.18,1235.5,4,7
1329,0.241561,26.35,30.5,22.19,1234.3,4,8
1328,0.241561,26.34,30.51,22.17,1233,3,8
1327,0.241561,26.34,30.53,22.16,1231.8,4,8
1326,0.241561,26.31,30.53,22.09,1230.6,4,8
1325,0.241561,26.32,30.58,22.07,1229.4,4,7
1324,0.106887,26.28,30.57,21.99,1228.2,4,7
1323,-0.04094,26.27,30.62,21.92,1227.1,4,7
1322,-0.04094,26.26,30.65,21.87,1226,4,7
1321,-0.04094,26.25,30.69,21.81,1224.9,4,7
1320,-0.04094,26.21,30.68,21.74,1223.8,4,7
1319,-0.04094,26.2,30.71,21.69,1222.8,3,7
1318,-0.04094,26.22,30.78,21.66,1221.6,3,7
1317,-0.04094,26.24,30.85,21.63,1220.5,3,7
1316,0.07735,26.21,30.84,21.57,1219.4,3,7
1315,0.07735,26.17,30.84,21.5,1218.1,3,7
1314,-0.01942,26.18,30.9,21.45,1217,3,7
1313,-0.01942,26.17,30.95,21.39,1215.7,3,7
1312,0.098874,26.17,31,21.34,1214.6,3,7
1311,0.098874,26.18,31.05,21.31,1213.4,3,7
1310,0.098874,26.16,31.08,21.23,1212.3,3,7
1309,0.098874,26.12,31.1,21.14,1211.2,3,7
1308,-0.04896,26.13,31.15,21.1,1210.1,3,7
1307,-0.04896,26.11,31.19,21.03,1208.9,3,7
1306,-0.04896,26.11,31.24,20.98,1207.8,3,7
1305,0.047813,26.11,31.3,20.91,1206.7,3,7
1304,0.166105,26.05,31.27,20.83,1205.6,3,7
1303,0.166105,26.03,31.29,20.77,1204.6,3,7
1302,0.284398,26.02,31.31,20.73,1203.5,4,7
1301,0.284398,26.05,31.4,20.7,1202.4,4,7
1300,0.284398,26.02,31.42,20.63,1201.3,4,7
1299,0.136568,25.98,31.42,20.54,1200.4,4,7
1298,0.136568,25.98,31.45,20.5,1199.5,4,7
1297,0.136568,25.98,31.49,20.47,1198.6,4,7
1296,0.136568,25.97,31.53,20.41,1197.7,4,7
1295,0.136568,25.93,31.53,20.33,1196.7,4,7
1294,0.284398,25.91,31.56,20.27,1195.6,4,7
1293,0.284398,25.9,31.58,20.22,1194.6,4,6
1292,0.364785,25.86,31.58,20.14,1193.6,4,6
1291,0.364785,25.87,31.63,20.1,1192.5,4,6
1290,0.364785,25.88,31.68,20.07,1191.4,4,6
1289,0.364785,25.88,31.73,20.04,1190.4,4,6
1288,0.364785,25.88,31.76,20,1189.3,4,6
1287,0.364785,25.87,31.77,19.97,1188.1,4,6
1286,0.364785,25.84,31.77,19.91,1187,4,6
1285,0.268017,25.83,31.8,19.86,1186,4,6
1284,0.268017,25.81,31.82,19.8,1184.8,4,6
1283,0.268017,25.78,31.81,19.76,1183.9,4,6
1282,0.149724,25.78,31.83,19.72,1182.7,4,6
1281,0.149724,25.76,31.85,19.68,1181.6,4,6
1280,0.149724,25.73,31.86,19.61,1180.6,4,6
1279,0.149724,25.7,31.87,19.52,1179.7,5,6
1278,0.149724,25.64,31.84,19.43,1178.7,5,6
1277,0.149724,25.59,31.8,19.37,1177.8,5,6
1276,0.149724,25.59,31.81,19.36,1176.9,5,6
1275,0.149724,25.61,31.85,19.36,1176,5,6
1274,0.268017,25.55,31.81,19.29,1175,5,6
1273,0.268017,25.49,31.76,19.22,1174,5,6
1272,0.268017,25.4,31.64,19.15,1173,5,6
1271,0.268017,25.33,31.58,19.07,1171.9,5,6
1270,0.268017,25.25,31.51,19,1171,5,6
1269,0.268017,25.22,31.46,18.97,1169.9,5,6
1268,0.120187,25.12,31.35,18.9,1168.8,5,6
1267,0.120187,25.07,31.31,18.83,1167.9,5,6
1266,0.120187,24.98,31.21,18.76,1166.9,5,6
1265,0.120187,24.91,31.14,18.68,1166,5,6
1264,0.120187,24.81,31.02,18.6,1165.1,5,6
1263,0.254861,24.71,30.92,18.5,1164.2,5,6
1262,0.120187,24.6,30.79,18.41,1163.3,5,6
1261,0.120187,24.49,30.67,18.31,1162.4,5,6
1260,0.120187,24.4,30.58,18.21,1161.7,5,6
1259,0.120187,24.27,30.45,18.1,1160.9,5,6
1258,0.216955,24.16,30.3,18.01,1160.1,5,5
1257,0.082282,24.03,30.15,17.92,1159.4,5,5
1256,-0.03601,23.87,29.95,17.79,1158.6,5,5
1255,0.098663,23.71,29.74,17.68,1157.9,5,6
1254,0.098663,23.58,29.6,17.56,1157.1,5,5
1253,-0.03601,23.44,29.43,17.46,1156.4,5,5
1252,-0.03601,23.3,29.26,17.35,1155.5,5,5
1251,-0.03601,23.14,29.05,17.23,1154.7,5,5
1250,-0.1543,22.96,28.83,17.08,1153.9,5,5
1249,-0.1543,22.81,28.65,16.96,1153.2,4,4
1248,-0.28898,22.63,28.44,16.82,1152.3,4,4
1247,-0.38575,22.47,28.23,16.7,1151.7,4,4
1246,-0.38575,22.32,28.05,16.58,1150.9,4,4
1245,-0.38575,22.2,27.91,16.49,1150.1,4,4
1244,-0.25107,22.12,27.8,16.43,1149.3,4,5
1243,-0.25107,21.97,27.6,16.34,1148.6,4,5
1242,-0.25107,21.86,27.46,16.25,1147.8,4,5
1241,-0.25107,21.74,27.32,16.17,1147,4,5
1240,-0.25107,21.62,27.16,16.08,1146.2,4,5
1239,-0.25107,21.52,27.05,16,1145.6,4,4
1238,-0.38575,21.41,26.91,15.9,1144.8,3,4
1237,-0.38575,21.33,26.82,15.84,1144.1,3,4
1236,-0.38575,21.26,26.72,15.79,1143.4,3,4
1235,-0.53358,21.17,26.61,15.73,1142.6,3,4
1234,-0.53358,21.12,26.57,15.67,1141.8,3,4
1233,-0.53358,21.08,26.51,15.64,1141,3,4
1232,-0.53358,21.01,26.46,15.56,1140,3,4
1231,-0.53358,21,26.45,15.54,1139.1,3,4
1230,-0.43681,20.95,26.39,15.52,1138.3,3,4
1229,-0.43681,20.93,26.37,15.49,1137.4,3,3
1228,-0.57148,20.87,26.3,15.43,1136.5,3,3
1227,-0.45319,20.88,26.32,15.43,1135.7,3,3
1226,-0.45319,20.88,26.33,15.43,1134.9,3,3
1225,-0.45319,20.92,26.34,15.5,1134,3,3
1224,-0.45319,20.9,26.31,15.49,1133.1,3,3
1223,-0.57148,20.88,26.28,15.47,1132.3,2,3
1222,-0.57148,20.89,26.27,15.52,1131.5,2,3
1221,-0.57148,20.93,26.31,15.55,1130.7,2,3
1220,-0.57148,20.91,26.27,15.56,1129.8,2,3
1219,-0.47471,20.96,26.31,15.61,1129,2,3
1218,-0.35642,20.99,26.3,15.68,1128.2,2,3
1217,-0.35642,21.01,26.3,15.72,1127.3,2,3
1216,-0.22175,21.05,26.32,15.77,1126.5,2,4
1215,-0.34004,21.09,26.35,15.82,1125.7,2,4
1214,-0.34004,21.16,26.42,15.9,1124.8,2,4
1213,-0.34004,21.19,26.42,15.95,1124,2,4
1212,-0.34004,21.21,26.41,16.01,1123.1,2,4
1211,-0.34004,21.24,26.41,16.07,1122.3,2,4
1210,-0.34004,21.27,26.42,16.13,1121.4,3,4
1209,-0.34004,21.32,26.43,16.21,1120.6,3,4
1208,-0.34004,21.38,26.47,16.3,1119.8,3,4
1207,-0.34004,21.36,26.39,16.32,1119.1,3,4
1206,-0.34004,21.37,26.36,16.38,1118.3,3,4
1205,-0.34004,21.4,26.36,16.44,1117.5,3,4
1204,-0.43681,21.48,26.4,16.56,1116.9,3,4
1203,-0.5551,21.55,26.45,16.65,1116.2,3,4
1202,-0.5551,21.61,26.47,16.75,1115.3,3,4
1201,-0.57662,21.68,26.5,16.85,1114.8,3,4
1200,-0.57662,21.73,26.52,16.95,1114,3,4
1199,-0.57662,21.86,26.62,17.1,1113.2,3,4
1198,-0.57662,21.9,26.61,17.19,1112.4,3,4
1197,-0.57662,21.99,26.67,17.31,1111.7,3,4
1196,-0.57662,22.06,26.74,17.38,1111,3,4
1195,-0.42879,22.18,26.83,17.53,1110.2,3,4
1194,-0.3105,22.3,26.94,17.65,1109.4,3,4
1193,-0.32366,22.41,27.03,17.79,1108.7,3,5
1192,-0.32366,22.52,27.13,17.91,1107.9,3,5
1191,-0.53872,22.61,27.21,18.02,1107.1,3,5
1190,-0.53872,22.7,27.25,18.14,1106.3,3,5
1189,-0.53872,22.78,27.32,18.23,1105.5,3,5
1188,-0.39089,22.91,27.43,18.38,1104.7,3,5
1187,-0.39089,22.96,27.47,18.45,1103.9,3,5
1186,-0.29412,23.07,27.57,18.56,1103.2,2,5
1185,-0.17583,23.12,27.6,18.64,1102.5,2,5
1184,-0.17583,23.2,27.67,18.73,1101.7,2,5
1183,-0.17583,23.29,27.76,18.82,1101,2,5
1182,-0.17583,23.39,27.86,18.93,1100.2,2,5
1181,-0.17583,23.48,27.94,19.01,1099.5,2,5
1180,-0.17583,23.56,28.03,19.08,1098.9,2,5
1179,-0.028,23.64,28.12,19.16,1098.2,2,5
1178,-0.028,23.72,28.21,19.23,1097.5,2,5
1177,-0.028,23.8,28.29,19.3,1096.7,2,5
1176,-0.028,23.89,28.39,19.39,1096,2,5
1175,-0.028,23.97,28.5,19.45,1095.3,2,5
1174,-0.028,24.03,28.56,19.5,1094.5,2,5
1173,-0.14629,24.09,28.62,19.55,1093.8,2,5
1172,-0.14629,24.2,28.76,19.64,1093.1,2,5
1171,-0.14629,24.31,28.9,19.71,1092.3,2,5
1170,-0.14629,24.41,29.02,19.79,1091.6,2,5
1169,-0.04952,24.51,29.16,19.85,1090.8,2,5
1168,-0.04952,24.59,29.28,19.91,1090.1,2,5
1167,-0.04952,24.65,29.35,19.95,1089.2,2,5
1166,-0.04952,24.69,29.4,19.97,1088.5,2,5
1165,-0.04952,24.75,29.49,20.01,1087.7,2,5
1164,-0.04952,24.79,29.54,20.04,1086.9,2,5
1163,0.098308,24.85,29.61,20.09,1086.1,2,4
1162,0.081927,24.9,29.67,20.14,1085.4,2,4
1161,0.081927,24.99,29.78,20.2,1084.8,2,4
1160,0.081927,25.06,29.86,20.27,1084,2,4
1159,0.081927,25.1,29.9,20.31,1083.2,2,4
1158,0.178695,25.17,29.96,20.38,1082.5,2,4
1157,0.081927,25.23,30.03,20.43,1081.9,2,4
1156,0.081927,25.27,30.07,20.46,1081.1,2,4
1155,0.081927,25.32,30.14,20.51,1080.3,2,3
1154,-0.05275,25.36,30.17,20.56,1079.6,1,3
1153,-0.05275,25.37,30.16,20.57,1078.8,1,3
1152,-0.05275,25.41,30.21,20.61,1078,1,3
1151,-0.05275,25.4,30.2,20.61,1077.3,1,3
1150,-0.05275,25.41,30.2,20.63,1076.5,1,3
1149,0.095083,25.46,30.24,20.67,1075.8,1,3
1148,0.095083,25.47,30.25,20.69,1075.1,1,3
1147,0.095083,25.51,30.3,20.73,1074.4,1,3
1146,0.095083,25.54,30.33,20.75,1073.7,1,3
1145,0.044021,25.52,30.29,20.75,1072.9,2,3
1144,0.044021,25.55,30.31,20.79,1072.1,2,2
1143,-0.09065,25.52,30.28,20.76,1071.4,2,2
1142,0.006116,25.55,30.33,20.77,1070.6,2,2
1141,0.006116,25.52,30.28,20.75,1069.8,2,2
1140,0.124409,25.58,30.34,20.81,1069.1,2,2
1139,0.124409,25.59,30.35,20.83,1068.5,2,2
1138,0.124409,25.62,30.37,20.88,1067.7,2,2
1137,0.124409,25.64,30.38,20.9,1066.9,2,2
1136,0.124409,25.69,30.43,20.94,1066.2,2,2
1135,0.124409,25.71,30.44,20.99,1065.4,2,2
1134,0.259082,25.75,30.48,21.02,1064.6,2,3
1133,0.259082,25.75875,30.47,21.05,1063.8,2,3
1132,0.377375,25.73375,30.43,21.04,1063.1,2,3
1131,0.377375,25.7125,30.39,21.03,1062.2,2,3
1130,0.377375,25.67625,30.36,20.99,1061.4,2,3
1129,0.377375,25.67875,30.37,20.98,1060.5,2,3
1128,0.377375,25.63125,30.33,20.93,1059.8,2,3
1127,0.377375,25.5975,30.3,20.89,1059,2,3
1126,0.259082,25.57,30.28,20.86,1058.2,2,3
1125,0.259082,25.54125,30.26,20.83,1057.4,3,3
1124,0.259082,25.4575,30.2,20.71,1056.7,3,3
1123,0.259082,25.4675,30.22,20.72,1055.9,3,3
1122,0.259082,25.4625,30.22,20.71,1055.1,3,3
1121,0.259082,25.4025,30.16,20.64,1054.4,3,3
1120,0.259082,25.345,30.1,20.59,1053.6,3,3
1119,0.406912,25.31125,30.07,20.56,1052.9,3,3
1118,0.310144,25.24875,30.01,20.49,1052.2,3,3
1117,0.191851,25.22,30,20.44,1051.5,3,3
1116,0.191851,25.18,29.96,20.4,1050.9,3,2
1115,0.057177,25.10875,29.88,20.33,1050.2,3,2
1114,0.153946,25.04125,29.82,20.27,1049.3,3,2
1113,0.153946,24.95375,29.74,20.17,1048.5,3,2
1112,0.153946,24.88875,29.68,20.1,1047.9,3,2
1111,0.153946,24.8475,29.66,20.03,1047.1,3,2
1110,0.035653,24.7625,29.59,19.93,1046.3,3,2
1109,0.035653,24.7,29.57,19.83,1045.5,3,2
1108,0.035653,24.6175,29.49,19.74,1044.7,3,2
1107,0.035653,24.51,29.41,19.61,1043.9,3,2
1106,0.035653,24.4675,29.42,19.52,1043.1,3,2
1105,0.035653,24.44875,29.44,19.46,1042.3,3,2
1104,0.035653,24.395,29.43,19.36,1041.5,3,2
1103,0.035653,24.27875,29.34,19.22,1040.7,3,2
1102,0.132422,24.20375,29.29,19.12,1039.9,3,2
1101,0.132422,24.1,29.2,19,1039.1,3,2
1100,0.035653,23.9875,29.12,18.85,1038.3,3,2
1099,0.035653,23.85875,29.01,18.71,1037.6,3,2
1098,0.035653,23.7525,28.92,18.59,1036.9,3,2
1097,0.035653,23.67625,28.86,18.49,1036.2,3,2
1096,0.035653,23.56625,28.76,18.37,1035.6,3,2
1095,0.035653,23.50125,28.7,18.3,1034.9,3,2
1094,-0.11218,23.39875,28.61,18.19,1034.3,4,2
1093,-0.23047,23.31125,28.53,18.09,1033.5,4,1
1092,-0.36514,23.21,28.42,18,1032.8,4,1
1091,-0.36514,23.135,28.35,17.92,1032,4,1
1090,-0.26837,23.06125,28.29,17.83,1031.2,4,1
1089,-0.15008,23.015,28.25,17.78,1030.5,4,1
1088,-0.15008,22.9675,28.18,17.75,1029.8,4,1
1087,-0.29791,22.86,28.07,17.65,1029,5,1
1086,-0.29791,22.87625,28.1,17.65,1028.1,5,1
1085,-0.39468,22.85875,28.09,17.63,1027.3,5,1
1084,-0.39468,22.90625,28.14,17.67,1026.5,5,1
1083,-0.29791,22.945,28.2,17.69,1025.7,5,1
1082,-0.16324,22.9975,28.23,17.76,1024.9,5,2
1081,-0.16324,23.06625,28.3,17.83,1024,5,2
1080,-0.16324,23.15125,28.38,17.93,1023.2,5,2
1079,-0.16324,23.24125,28.44,18.04,1022.6,5,2
1078,-0.19278,23.38125,28.59,18.17,1022,4,2
1077,-0.19278,23.50375,28.68,18.33,1021.4,5,2
1076,-0.19278,23.6125,28.79,18.43,1020.8,5,2
1075,-0.19278,23.67375,28.84,18.51,1020.2,5,2
1074,-0.19278,23.76875,28.9,18.64,1019.5,5,2
1073,-0.19278,23.84625,28.97,18.72,1018.8,5,2
1072,-0.19278,23.88625,29,18.77,1018.2,5,2
1071,-0.19278,23.8825,28.97,18.79,1017.6,6,2
1070,-0.04495,23.85875,28.93,18.79,1016.9,6,2
1069,-0.04495,23.89375,28.93,18.86,1016.2,6,2
1068,-0.14171,23.89375,28.89,18.89,1015.6,6,2
1067,-0.02342,23.845,28.8,18.89,1015.1,6,2
1066,-0.02342,23.88625,28.82,18.95,1014.4,6,2
1065,0.208021,23.88875,28.78,18.99,1013.8,6,3
1064,0.208021,23.9,28.77,19.03,1013.2,6,3
1063,0.208021,23.8825,28.7,19.06,1012.6,6,3
1062,0.060191,23.8875,28.67,19.1,1012,6,3
1061,-0.0581,23.88125,28.63,19.13,1011.4,6,3
1060,-0.0581,23.825,28.53,19.12,1010.8,6,3
1059,-0.0581,23.84375,28.51,19.18,1010.3,6,3
1058,-0.0581,23.82375,28.45,19.2,1009.8,6,3
1057,-0.03658,23.80875,28.4,19.22,1009.2,6,3
1056,-0.03658,23.81125,28.37,19.25,1008.7,6,3
1055,-0.03658,23.83458333,28.36,19.31,1008.1,6,3
1054,-0.03658,23.855,28.32,19.39,1007.5,6,3
1053,-0.03658,23.84125,28.27,19.41,1006.9,6,3
1052,-0.03658,23.87333333,28.27,19.48,1006.4,6,3
1051,-0.03658,23.94083333,28.31,19.57,1005.8,6,3
1050,-0.03658,23.95625,28.31,19.6,1005.3,6,3
1049,-0.03658,23.96083333,28.28,19.65,1004.7,6,3
1048,-0.03658,23.99583333,28.28,19.71,1004.2,6,3
1047,-0.03658,23.97416667,28.23,19.72,1003.6,7,3
1046,-0.03658,23.96375,28.2,19.73,1003,7,3
1045,-0.03658,23.99208333,28.21,19.77,1002.5,7,3
1044,-0.03658,24.00666667,28.24,19.78,1001.9,7,3
1043,-0.03658,24.01083333,28.24,19.78,1001.4,7,3
1042,-0.03658,24.05208333,28.29,19.82,1000.9,7,3
1041,-0.13335,24.06208333,28.31,19.81,1000.3,7,3
1040,-0.13335,24.14166667,28.42,19.86,999.8,7,3
1039,-0.11696,24.175,28.5,19.85,999.2,7,4
1038,-0.11696,24.21875,28.6,19.84,998.5,7,4
1037,-0.11696,24.28791667,28.73,19.85,997.9,7,4
1036,-0.11696,24.42125,28.93,19.91,997.3,7,4
1035,-0.11696,24.51916667,29.11,19.93,996.6,7,4
1034,0.017709,24.6,29.25,19.95,995.9,7,4
1033,-0.11696,24.67125,29.37,19.97,995.2,7,4
1032,-0.11696,24.75708333,29.56,19.96,994.6,7,4
1031,-0.23526,24.82916667,29.71,19.95,993.9,7,4
1030,-0.23526,24.90458333,29.85,19.96,993.2,7,4
1029,-0.23526,25.01958333,30.04,20,992.5,7,4
1028,-0.33203,25.15791667,30.27,20.05,991.8,7,4
1027,-0.33203,25.27541667,30.45,20.1,991.2,7,4
1026,-0.19735,25.36166667,30.61,20.11,990.6,7,5
1025,-0.19735,25.465,30.78,20.15,990,7,5
1024,-0.19735,25.52916667,30.88,20.18,989.4,7,5
1023,-0.19735,25.60458333,30.97,20.24,988.8,7,5
1022,-0.06268,25.68541667,31.13,20.24,988.2,7,6
1021,-0.06268,25.79,31.27,20.31,987.7,7,6
1020,-0.06268,25.905,31.43,20.38,987.1,7,6
1019,-0.06268,25.95416667,31.51,20.4,986.4,7,6
1018,-0.21051,25.99,31.57,20.41,985.6,7,6
1017,-0.21051,26.0525,31.65,20.45,984.8,7,6
1016,-0.11374,26.11083333,31.74,20.48,984.1,7,6
1015,-0.11374,26.13708333,31.78,20.49,983.4,7,6
1014,-0.11374,26.19125,31.88,20.51,982.6,7,6
1013,-0.21051,26.24,31.92,20.56,982,7,6
1012,-0.21051,26.37541667,32.06,20.69,981.2,7,6
1011,-0.21051,26.41291667,32.1,20.72,980.5,7,6
1010,-0.21051,26.49875,32.18,20.81,979.7,7,6
1009,-0.21051,26.5975,32.28,20.92,979,7,6
1008,-0.07583,26.59833333,32.26,20.94,978.3,7,7
1007,-0.07583,26.61791667,32.27,20.97,977.6,7,7
1006,-0.07583,26.67291667,32.29,21.05,976.9,7,7
1005,-0.07583,26.73041667,32.32,21.14,976.2,7,7
1004,-0.07583,26.72416667,32.27,21.18,975.5,7,7
1003,-0.07583,26.72875,32.23,21.23,974.8,7,7
1002,0.071996,26.76333333,32.23,21.3,974.1,7,7
1001,-0.02477,26.755,32.17,21.34,973.5,7,7
1000,-0.02477,26.78208333,32.18,21.39,972.9,6,7
999,-0.02477,26.76416667,32.12,21.41,972.1,6,7
998,-0.02477,26.76625,32.07,21.46,971.4,6,7
997,-0.02477,26.7225,31.97,21.47,970.7,6,7
996,0.192823,26.67083333,31.89,21.45,969.9,6,7
995,0.192823,26.66125,31.85,21.47,969.1,6,7
994,0.192823,26.57875,31.73,21.42,968.4,6,7
993,0.192823,26.51833333,31.64,21.39,967.6,6,7
992,0.192823,26.44041667,31.54,21.34,966.8,6,7
991,0.192823,26.37041667,31.45,21.3,966,6,7
990,0.192823,26.27625,31.33,21.22,965.2,6,7
989,0.063798,26.17958333,31.2,21.15,964.4,6,7
988,0.063798,26.07166667,31.08,21.06,963.6,6,7
987,0.063798,25.97041667,30.97,20.97,962.8,6,7
986,0.063798,25.8575,30.84,20.88,962.1,6,7
985,0.063798,25.72083333,30.68,20.76,961.3,6,7
984,0.063798,25.54541667,30.46,20.63,960.5,6,7
983,0.063798,25.34791667,30.24,20.45,959.7,6,7
982,-0.06523,25.12625,29.97,20.28,959,6,6
981,-0.24479,24.92166667,29.77,20.08,958.2,6,6
980,-0.24479,24.69791667,29.53,19.86,957.5,6,6
979,-0.24479,24.46,29.28,19.64,956.6,5,6
978,-0.24479,24.21333333,29.02,19.41,955.8,5,6
977,-0.24479,23.9125,28.68,19.14,954.9,5,6
976,-0.24479,23.64208333,28.4,18.88,953.9,5,6
975,-0.24479,23.3925,28.12,18.66,953.1,5,6
974,-0.24479,23.19583333,27.94,18.46,952.2,5,6
973,-0.24479,22.92625,27.67,18.19,951.3,5,6
972,-0.24479,22.67541667,27.39,17.96,950.4,5,6
971,-0.24479,22.47833333,27.18,17.77,949.6,5,6
970,-0.24479,22.29458333,27,17.59,948.7,5,6
969,-0.31287,22.12708333,26.83,17.43,947.8,5,6
968,-0.31287,21.92083333,26.62,17.22,946.9,5,6
967,-0.31287,21.75208333,26.45,17.06,946,5,6
966,-0.31287,21.60791667,26.3,16.92,945.2,5,6
965,-0.31287,21.45041667,26.13,16.77,944.3,5,5
964,-0.62146,21.31625,25.99,16.64,943.5,5,5
963,-0.62146,21.15166667,25.8,16.5,942.6,5,5
962,-0.62146,21.025,25.69,16.36,941.8,6,5
961,-0.62146,20.89875,25.56,16.24,941,6,5
960,-0.62146,20.7525,25.41,16.1,940.1,6,5
959,-0.62146,20.61666667,25.27,15.97,939.3,6,5
958,-0.62146,20.46208333,25.13,15.79,938.5,6,5
957,-0.62146,20.35083333,25.03,15.67,937.7,6,5
956,-0.49244,20.23791667,24.93,15.55,936.8,6,5
955,-0.49244,20.11166667,24.82,15.41,935.9,6,5
954,-0.49244,19.97333333,24.69,15.26,935.1,6,5
953,-0.49244,19.83166667,24.57,15.09,934.1,5,5
952,-0.49244,19.72166667,24.46,14.98,933.2,5,5
951,-0.49244,19.57833333,24.33,14.82,932.3,5,5
950,-0.31287,19.425,24.18,14.67,931.5,5,6
949,-0.31287,19.30833333,24.05,14.57,930.7,5,6
948,-0.31287,19.21,23.96,14.46,929.9,5,6
947,-0.50998,19.04333333,23.8,14.28,929.1,5,6
946,-0.50998,18.97666667,23.74,14.21,928.1,4,6
945,-0.50998,18.84166667,23.57,14.11,927.3,4,6
944,-0.50998,18.71166667,23.42,14,926.5,4,6
943,-0.639,18.59333333,23.27,13.92,925.7,4,6
942,-0.639,18.44833333,23.08,13.82,924.8,4,6
941,-0.639,18.3,22.89,13.71,924,4,6
940,-0.4419,18.135,22.66,13.61,923.1,4,6
939,-0.4419,17.90833333,22.39,13.43,922.3,4,5
938,-0.62146,17.715,22.11,13.32,921.4,4,5
937,-0.62146,17.51833333,21.84,13.19,920.5,3,5
936,-0.62146,17.305,21.54,13.07,919.7,3,5
935,-0.62146,17.00666667,21.14,12.87,918.8,3,5
934,-0.62146,16.73166667,20.77,12.7,918,3,4
933,-0.80103,16.48666667,20.43,12.55,917,2,4
932,-0.80103,16.24666667,20.1,12.39,916.3,2,4
931,-0.80103,16.01,19.75,12.27,915.3,2,4
930,-0.80103,15.815,19.46,12.17,914.4,2,4
929,-0.80103,15.61,19.16,12.06,913.5,2,4
928,-0.80103,15.37,18.82,11.92,912.7,2,4
927,-0.80103,15.08333333,18.41,11.76,911.8,2,4
926,-0.80103,14.85166667,18.06,11.64,910.9,2,3
925,-0.98059,14.645,17.76,11.53,910,2,3
924,-0.98059,14.42833333,17.45,11.41,909.2,2,3
923,-0.98059,14.23166667,17.17,11.3,908.4,2,3
922,-0.98059,14.07833333,16.95,11.21,907.5,2,2
921,-1.16016,13.845,16.61,11.08,906.7,2,2
920,-1.16016,13.65,16.35,10.95,905.8,2,2
919,-1.16016,13.445,16.06,10.83,905,2,2
918,-1.16016,13.32333333,15.86,10.78,904.3,2,2
917,-1.16016,13.23166667,15.73,10.74,903.5,1,2
916,-1.16016,13.10166667,15.55,10.65,902.7,1,2
915,-1.28918,12.92,15.3,10.54,901.9,1,2
914,-1.28918,12.79,15.13,10.45,901.1,1,2
913,-1.28918,12.66166667,14.92,10.4,900.2,1,2
912,-1.28918,12.55666667,14.8,10.31,899.4,1,2
911,-1.28918,12.34,14.55,10.13,898.6,1,2
910,-1.28918,12.25,14.44,10.06,897.7,1,2
909,-1.28918,12.10833333,14.27,9.95,896.9,1,2
908,-1.28918,11.995,14.13,9.86,896,1,1
907,-1.33972,11.92833333,14.04,9.82,895.2,1,1
906,-1.33972,11.85166667,13.96,9.74,894.4,1,1
905,-1.33972,11.78333333,13.9,9.67,893.6,1,1
904,-1.33972,11.68333333,13.78,9.58,892.8,1,1
903,-1.33972,11.63,13.73,9.53,892,1,1
902,-1.33972,11.55666667,13.66,9.45,891.2,1,1
901,-1.4078,11.52333333,13.64,9.41,890.3,1,1
900,-1.4078,11.51833333,13.65,9.38,889.6,1,1
899,-1.22824,11.48333333,13.64,9.33,888.8,1,2
898,-1.22824,11.47833333,13.64,9.32,888,1,2
897,-1.22824,11.455,13.64,9.27,887.3,2,2
896,-1.22824,11.41,13.6,9.22,886.6,2,2
895,-1.22824,11.42333333,13.63,9.22,885.8,2,2
894,-1.22824,11.395,13.61,9.18,884.9,2,2
893,-1.22824,11.41333333,13.63,9.2,884.2,2,2
892,-1.22824,11.39333333,13.62,9.17,883.4,2,2
891,-1.22824,11.40166667,13.62,9.18,882.6,2,2
890,-1.22824,11.44,13.68,9.2,881.8,2,2
889,-1.04867,11.45333333,13.68,9.22,881,2,3
888,-1.04867,11.47333333,13.69,9.25,880.1,2,3
887,-0.91965,11.49666667,13.7,9.3,879.4,2,3
886,-0.91965,11.53,13.72,9.34,878.6,2,3
885,-0.91965,11.56833333,13.76,9.38,877.9,2,3
884,-0.91965,11.61666667,13.81,9.43,877.1,3,3
883,-0.91965,11.69833333,13.9,9.5,876.3,3,3
882,-0.91965,11.78,13.99,9.57,875.5,3,3
881,-0.91965,11.86833333,14.09,9.64,874.6,3,3
880,-0.91965,11.945,14.16,9.73,873.9,3,3
879,-0.91965,11.97333333,14.17,9.77,873.2,3,3
878,-0.91965,12.03833333,14.24,9.84,872.4,3,3
877,-0.72254,12.12333333,14.32,9.93,871.7,3,3
876,-0.72254,12.20833333,14.39,10.02,870.9,3,3
875,-0.72254,12.27666667,14.46,10.1,870.2,3,3
874,-0.72254,12.34333333,14.51,10.18,869.4,3,3
873,-0.72254,12.39166667,14.55,10.23,868.6,3,3
872,-0.72254,12.5,14.64,10.36,867.9,3,3
871,-0.72254,12.59166667,14.73,10.46,867,3,3
870,-0.59352,12.66166667,14.77,10.55,866.2,3,3
869,-0.59352,12.74,14.84,10.64,865.5,3,3
868,-0.72254,12.84833333,14.96,10.73,864.7,3,3
867,-0.72254,12.95166667,15.06,10.85,863.9,3,3
866,-0.72254,13.01666667,15.12,10.92,863.1,3,3
865,-0.72254,13.09333333,15.19,10.99,862.2,3,3
864,-0.59352,13.17333333,15.27,11.07,861.4,3,3
863,-0.59352,13.24833333,15.36,11.14,860.5,3,3
862,-0.59352,13.32166667,15.44,11.21,859.7,3,3
861,-0.59352,13.41333333,15.54,11.28,859,3,3
860,-0.59352,13.47666667,15.59,11.36,858.1,3,3
859,-0.41395,13.55166667,15.69,11.41,857.4,3,4
858,-0.28493,13.59333333,15.74,11.45,856.7,3,4
857,-0.28493,13.635,15.76,11.51,856.1,3,4
856,-0.28493,13.67833333,15.79,11.56,855.4,3,4
855,-0.41395,13.735,15.84,11.63,854.6,3,4
854,-0.41395,13.77166667,15.88,11.66,853.9,3,4
853,-0.41395,13.81333333,15.92,11.7,853.1,3,4
852,-0.41395,13.84666667,15.98,11.72,852.4,3,4
851,-0.28493,13.88333333,16.03,11.74,851.7,3,4
850,-0.28493,13.93166667,16.09,11.78,850.9,3,3
849,-0.46449,13.96333333,16.12,11.81,850.2,3,3
848,-0.46449,14.02166667,16.21,11.83,849.4,3,3
847,-0.46449,14.03,16.24,11.82,848.6,3,3
846,-0.46449,14.09,16.32,11.86,847.9,3,3
845,-0.46449,14.12166667,16.39,11.86,847.2,3,3
844,-0.46449,14.20333333,16.5,11.91,846.5,4,3
843,-0.46449,14.25,16.59,11.91,845.7,4,3
842,-0.46449,14.305,16.68,11.93,845.1,4,3
841,-0.46449,14.37333333,16.78,11.97,844.4,4,3
840,-0.33547,14.42,16.84,12,843.7,4,3
839,-0.53258,14.505,16.95,12.06,843.1,4,3
838,-0.53258,14.62833333,17.07,12.18,842.5,4,3
837,-0.53258,14.72166667,17.18,12.26,841.7,3,3
836,-0.53258,14.84166667,17.32,12.37,841.1,3,3
835,-0.53258,14.99,17.48,12.5,840.4,3,3
834,-0.53258,15.17,17.7,12.64,839.6,3,3
833,-0.53258,15.345,17.9,12.79,838.9,3,3
832,-0.53258,15.52666667,18.12,12.93,838.1,3,3
831,-0.33547,15.74,18.41,13.07,837.3,3,3
830,-0.33547,15.97,18.69,13.25,836.6,3,3
829,-0.33547,16.185,18.94,13.43,835.9,3,3
828,-0.33547,16.47833333,19.32,13.64,835.2,3,3
827,-0.1559,16.725,19.58,13.87,834.5,3,4
826,-0.1559,17.00833333,19.94,14.08,833.9,3,4
825,0.041202,17.34166667,20.34,14.35,833.2,3,4
824,0.041202,17.63666667,20.65,14.62,832.5,3,4
823,0.041202,17.86833333,20.89,14.85,831.8,3,4
822,0.041202,18.04333333,21.08,15.01,831.1,3,4
821,0.041202,18.25333333,21.31,15.2,830.5,3,4
820,0.041202,18.51333333,21.59,15.44,829.8,3,4
819,0.220767,18.685,21.79,15.58,829.1,3,5
818,0.220767,18.88666667,22.06,15.72,828.5,3,5
817,0.220767,19.05666667,22.27,15.85,827.7,3,5
816,0.220767,19.22666667,22.48,15.97,827.1,3,5
815,0.220767,19.40666667,22.71,16.1,826.3,3,5
814,0.220767,19.575,22.92,16.23,825.5,3,5
813,0.400332,19.745,23.13,16.36,824.8,3,6
812,0.400332,19.91,23.36,16.46,824,3,6
811,0.400332,20.015,23.48,16.55,823.2,3,6
810,0.400332,20.17333333,23.66,16.69,822.4,3,6
809,0.400332,20.28,23.78,16.78,821.8,3,6
808,0.400332,20.35,23.87,16.83,821,3,6
807,0.400332,20.455,24,16.91,820.3,3,6
806,0.271307,20.56,24.13,16.99,819.6,3,6
805,0.271307,20.63166667,24.2,17.06,818.8,3,6
804,0.271307,20.68166667,24.25,17.11,818,3,6
803,0.271307,20.74666667,24.33,17.16,817.2,3,6
802,0.271307,20.8,24.41,17.19,816.5,3,6
801,0.271307,20.86666667,24.49,17.25,815.7,3,6
800,0.142283,20.93666667,24.57,17.31,815,3,6
799,0.142283,21.00666667,24.64,17.38,814.2,4,5
798,-0.03728,21.10666667,24.76,17.46,813.5,4,5
797,-0.03728,21.18333333,24.84,17.53,812.6,4,5
796,-0.03728,21.26833333,24.93,17.61,811.9,4,5
795,-0.03728,21.38666667,25.07,17.71,811.3,4,5
794,-0.03728,21.5,25.19,17.81,810.6,4,5
793,-0.03728,21.60333333,25.29,17.92,809.8,4,5
792,-0.03728,21.715,25.42,18.01,809,4,5
791,-0.03728,21.84666667,25.57,18.13,808.2,4,5
790,-0.03728,21.94833333,25.69,18.21,807.4,4,5
789,-0.03728,22.025,25.76,18.29,806.7,4,4
788,-0.03728,22.18666667,25.94,18.43,805.8,5,5
787,-0.03728,22.315,26.07,18.56,805.1,5,5
786,0.030799,22.44166667,26.24,18.65,804.3,5,5
785,0.030799,22.52333333,26.33,18.72,803.5,5,5
784,0.030799,22.66833333,26.48,18.86,802.7,5,5
783,0.030799,22.765,26.6,18.93,801.9,5,5
782,0.030799,22.88,26.73,19.03,801.1,6,5
781,0.030799,22.94333333,26.79,19.1,800.4,6,5
780,0.030799,23.01833333,26.86,19.17,799.8,6,5
779,0.030799,23.10333333,26.97,19.24,799,6,5
778,0.030799,23.23166667,27.14,19.33,798.3,6,5
777,0.030799,23.34833333,27.27,19.42,797.6,6,5
776,-0.16631,23.395,27.34,19.45,796.8,6,5
775,0.013258,23.44,27.4,19.48,796.1,6,6
774,0.142283,23.52166667,27.5,19.55,795.4,6,6
773,0.142283,23.62166667,27.63,19.61,794.7,6,6
772,0.142283,23.73,27.76,19.7,793.9,6,6
771,0.142283,23.80833333,27.85,19.77,793.2,6,6
770,0.142283,23.91833333,27.98,19.85,792.4,6,6
769,0.013258,24.03,28.12,19.94,791.7,6,6
768,0.013258,24.11333333,28.21,20.01,790.9,6,6
767,0.013258,24.18333333,28.25,20.12,790.1,6,6
766,0.013258,24.25166667,28.34,20.16,789.4,6,6
765,0.192823,24.39,28.5,20.28,788.6,6,7
764,0.192823,24.51833333,28.65,20.39,787.9,6,7
763,0.063798,24.58,28.72,20.44,787.2,5,7
762,0.063798,24.62333333,28.75,20.49,786.4,5,7
761,0.260905,24.72166667,28.86,20.58,785.7,5,7
760,0.260905,24.76833333,28.92,20.61,785,5,7
759,0.260905,24.83166667,29.01,20.65,784.2,5,6
758,0.08134,24.91,29.07,20.75,783.5,5,6
757,-0.04768,24.99,29.16,20.82,782.9,5,6
756,-0.04768,25.05666667,29.24,20.87,782.2,5,6
755,-0.04768,25.14833333,29.37,20.93,781.4,5,6
754,-0.04768,25.235,29.46,21.01,780.8,5,6
753,0.08134,25.29666667,29.52,21.08,780.2,5,6
752,0.08134,25.37,29.61,21.13,779.5,5,6
751,0.08134,25.455,29.69,21.22,778.8,5,6
750,-0.04768,25.55333333,29.8,21.31,778.1,5,6
749,-0.04768,25.63833333,29.88,21.39,777.4,4,6
748,-0.04768,25.68666667,29.92,21.45,776.7,4,6
747,-0.04768,25.73666667,29.97,21.5,775.9,4,6
746,-0.04768,25.825,30.04,21.61,775.2,5,6
745,-0.04768,25.9,30.11,21.69,774.5,5,6
744,0.13188,25.91833333,30.12,21.71,773.8,5,7
743,0.13188,25.92666667,30.13,21.72,773.1,5,7
742,0.13188,25.985,30.19,21.78,772.3,5,7
741,0.13188,26.02,30.22,21.82,771.7,5,7
740,0.13188,26.04,30.25,21.83,770.9,5,7
739,0.002856,26.09333333,30.33,21.86,770.4,5,7
738,0.002856,26.08333333,30.31,21.85,769.6,5,7
737,0.002856,26.09,30.34,21.84,769,5,7
736,0.002856,26.11666667,30.38,21.85,768.4,5,7
735,0.002856,26.12333333,30.4,21.85,767.8,5,7
734,0.182421,26.08833333,30.36,21.81,767.2,5,8
733,0.182421,26.06833333,30.33,21.81,766.6,5,8
732,0.182421,26.03833333,30.29,21.79,765.9,5,8
731,0.182421,26.015,30.28,21.75,765.2,5,8
730,-0.01469,25.905,30.11,21.7,764.5,5,8
729,-0.01469,25.82833333,30,21.66,763.9,6,8
728,-0.01469,25.76333333,29.92,21.6,763.2,6,8
727,-0.01469,25.58666667,29.68,21.5,762.5,6,7
726,-0.19425,25.49833333,29.57,21.42,761.8,6,7
725,-0.19425,25.34333333,29.36,21.33,761.1,6,7
724,-0.19425,25.12333333,29.07,21.17,760.4,6,7
723,-0.19425,24.96833333,28.9,21.04,759.8,6,7
722,-0.19425,24.87166667,28.8,20.95,759,6,7
721,-0.19425,24.82,28.73,20.91,758.4,6,7
720,-0.19425,24.69833333,28.58,20.81,757.7,6,7
719,-0.19425,24.57,28.44,20.7,757.1,6,6
718,-0.37382,24.475,28.3,20.65,756.4,6,6
717,-0.37382,24.355,28.11,20.6,755.8,6,6
716,-0.37382,24.245,27.97,20.52,755.2,6,6
715,-0.37382,24.13666667,27.8,20.47,754.7,7,6
714,-0.37382,23.99333333,27.6,20.39,754.1,7,6
713,-0.37382,23.88666667,27.45,20.33,753.5,7,5
712,-0.55338,23.795,27.32,20.27,752.9,7,5
711,-0.55338,23.65,27.12,20.18,752.4,7,5
710,-0.55338,23.56833333,27.02,20.12,751.9,7,5
709,-0.55338,23.46666667,26.89,20.05,751.3,7,5
708,-0.55338,23.34833333,26.74,19.96,750.7,7,5
707,-0.37382,23.26333333,26.62,19.9,750.1,7,6
706,-0.37382,23.14166667,26.48,19.8,749.5,7,6
705,-0.37382,23.035,26.37,19.7,749,7,6
704,-0.37382,22.94333333,26.27,19.62,748.3,7,6
703,-0.37382,22.86,26.18,19.54,747.7,7,6
702,-0.37382,22.76333333,26.07,19.46,747,7,6
701,-0.37382,22.65833333,25.94,19.38,746.4,6,6
700,-0.37382,22.55833333,25.83,19.29,745.7,6,6
699,-0.37382,22.45166667,25.71,19.19,745.2,6,6
698,-0.37382,22.35833333,25.62,19.1,744.6,6,6
697,-0.37382,22.21666667,25.45,18.98,744,6,6
696,-0.37382,22.095,25.32,18.87,743.3,6,6
695,-0.37382,21.97833333,25.18,18.78,742.7,6,6
694,-0.37382,21.84666667,25.04,18.66,742.1,6,6
693,-0.37382,21.69,24.86,18.52,741.4,6,6
692,-0.37382,21.56333333,24.72,18.41,740.7,6,6
691,-0.37382,21.395,24.54,18.25,740.1,6,6
690,-0.37382,21.22333333,24.34,18.1,739.3,6,6
689,-0.37382,21.105,24.2,18.01,738.7,6,6
688,-0.37382,20.96166667,24.05,17.87,738,6,5
687,-0.55338,20.79166667,23.87,17.72,737.3,6,5
686,-0.55338,20.67,23.76,17.58,736.7,6,5
685,-0.75049,20.50333333,23.57,17.44,736,7,5
684,-0.75049,20.42333333,23.5,17.34,735.5,7,5
683,-0.75049,20.26833333,23.35,17.18,734.9,7,5
682,-0.75049,20.16333333,23.24,17.09,734.2,7,5
681,-0.75049,20.03833333,23.13,16.95,733.6,7,5
680,-0.75049,19.97833333,23.11,16.85,733,7,5
679,-0.55338,19.93,23.11,16.75,732.5,7,5
678,-0.55338,19.83666667,23.03,16.64,731.9,7,5
677,-0.55338,19.78,23.01,16.55,731.4,7,5
676,-0.55338,19.65333333,22.9,16.41,730.9,7,5
675,-0.55338,19.6,22.87,16.33,730.4,7,4
674,-0.73295,19.57666667,22.89,16.26,729.9,7,4
673,-0.86197,19.53166667,22.88,16.18,729.3,7,4
672,-0.86197,19.46166667,22.84,16.08,728.7,7,4
671,-0.86197,19.34833333,22.74,15.96,728.2,7,4
670,-0.86197,19.24,22.65,15.83,727.7,7,4
669,-0.86197,19.13,22.55,15.71,727.1,8,4
668,-0.66486,19.02333333,22.46,15.59,726.6,8,4
667,-0.66486,18.96666667,22.44,15.49,726,8,4
666,-0.66486,18.865,22.36,15.37,725.4,8,4
665,-0.66486,18.77333333,22.29,15.26,724.8,8,3
664,-0.84443,18.66666667,22.17,15.16,724.3,8,3
663,-0.84443,18.53666667,22.05,15.03,723.7,8,3
662,-0.7154,18.45833333,21.97,14.95,723.1,8,3
661,-0.7154,18.39,21.9,14.88,722.6,8,3
660,-0.91251,18.27666667,21.79,14.76,722,8,3
659,-0.69427,18.175,21.65,14.7,721.6,8,3
658,-0.69427,18.06,21.5,14.62,721.1,8,3
657,-0.69427,17.975,21.41,14.54,720.6,8,3
656,-0.69427,17.91833333,21.33,14.51,720.1,8,3
655,-0.69427,17.82333333,21.2,14.45,719.6,8,3
654,-0.69427,17.72333333,21.07,14.38,719,8,3
653,-0.42492,17.625,20.96,14.29,718.5,8,4
652,-0.42492,17.51,20.83,14.19,717.9,8,4
651,-0.42492,17.405,20.7,14.11,717.4,8,4
650,-0.42492,17.31166667,20.58,14.04,716.9,8,4
649,-0.42492,17.16833333,20.4,13.94,716.4,8,4
648,-0.42492,17.06666667,20.27,13.86,715.8,8,4
647,-0.42492,16.99166667,20.18,13.8,715.3,8,4
646,-0.42492,16.91833333,20.09,13.75,714.8,8,4
645,-0.42492,16.77166667,19.93,13.62,714.3,7,4
644,-0.42492,16.66166667,19.79,13.53,713.7,7,3
643,-0.69427,16.58166667,19.7,13.47,713.3,7,3
642,-0.69427,16.505,19.59,13.42,712.7,7,3
641,-0.69427,16.37333333,19.43,13.32,712.3,7,3
640,-0.69427,16.27166667,19.3,13.24,711.8,7,3
639,-0.69427,16.19666667,19.22,13.18,711.2,7,3
638,-0.69427,16.06666667,19.05,13.08,710.7,7,3
637,-0.39861,15.99166667,18.98,13.01,710.1,7,3
636,-0.39861,15.905,18.88,12.93,709.5,7,3
635,-0.39861,15.78333333,18.76,12.81,709,7,3
634,-0.39861,15.65,18.62,12.68,708.4,7,2
633,-0.66795,15.53666667,18.51,12.56,707.8,7,2
632,-0.66795,15.41666667,18.4,12.44,707.3,7,2
631,-0.66795,15.30166667,18.28,12.32,706.7,7,2
630,-0.66795,15.14833333,18.1,12.2,706,6,2
629,-0.66795,15.06333333,18.02,12.1,705.4,6,2
628,-0.66795,14.93333333,17.91,11.96,704.8,6,2
627,-0.66795,14.80666667,17.78,11.83,704.2,6,2
626,-0.66795,14.71166667,17.71,11.71,703.7,6,2
625,-0.66795,14.585,17.61,11.56,703.1,6,2
624,-0.66795,14.48833333,17.54,11.44,702.6,7,2
623,-0.96361,14.37333333,17.44,11.31,702,7,2
622,-0.96361,14.24166667,17.34,11.15,701.4,7,2
621,-0.96361,14.115,17.23,11,700.9,6,2
620,-0.96361,13.99833333,17.14,10.86,700.3,6,2
619,-0.96361,13.89833333,17.06,10.74,699.9,6,2
618,-0.96361,13.81,17,10.62,699.3,6,2
617,-0.96361,13.72166667,16.92,10.52,698.7,6,2
616,-0.96361,13.63,16.85,10.41,698.2,6,2
615,-0.96361,13.545,16.77,10.32,697.6,6,2
614,-0.66795,13.43166667,16.67,10.2,697.1,6,2
613,-0.66795,13.36,16.6,10.12,696.5,6,2
612,-0.66795,13.27833333,16.54,10.02,695.9,6,2
611,-0.66795,13.19833333,16.45,9.95,695.6,6,2
610,-0.66795,13.13166667,16.38,9.88,695.1,6,2
609,-0.66795,13.09,16.33,9.85,694.5,6,2
608,-0.66795,13.02,16.26,9.78,694,6,2
607,-0.66795,12.97666667,16.21,9.75,693.5,6,1
606,-0.9373,12.95333333,16.17,9.73,692.9,6,1
605,-0.9373,12.91,16.12,9.7,692.3,6,1
604,-0.9373,12.885,16.07,9.7,691.7,6,1
603,-0.9373,12.88166667,16.05,9.71,691.3,6,1
602,-0.9373,12.85666667,16,9.71,690.7,6,1
601,-0.9373,12.86666667,16,9.73,690.2,6,1
600,-0.9373,12.86833333,15.98,9.76,689.7,6,1
599,-0.9373,12.86,15.95,9.77,689.1,6,1
598,-0.9373,12.85,15.91,9.79,688.6,6,1
597,-0.9373,12.845,15.88,9.81,688.1,6,1
596,-0.9373,12.86,15.89,9.83,687.6,6,1
595,-0.9373,12.87166667,15.91,9.83,687.1,6,1
594,-0.9373,12.87166667,15.92,9.83,686.5,6,1
593,-0.9373,12.88666667,15.92,9.85,686,6,1
592,-0.9373,12.945,15.99,9.9,685.4,6,1
591,-0.9373,12.96833333,16.02,9.92,684.9,6,1
590,-0.9373,13.02333333,16.08,9.96,684.4,6,1
589,-0.9373,13.08333333,16.15,10.01,683.8,6,1
588,-0.9373,13.125,16.21,10.04,683.3,6,1
587,-0.9373,13.16333333,16.25,10.08,682.7,6,1
586,-0.9373,13.19833333,16.28,10.12,682.1,6,1
585,-0.9373,13.24666667,16.35,10.14,681.5,6,1
584,-0.9373,13.34833333,16.48,10.22,680.9,6,1
583,-0.9373,13.34,16.46,10.22,680.3,6,1
582,-0.9373,13.375,16.51,10.24,679.7,6,1
581,-0.9373,13.40333333,16.55,10.26,679.2,6,1
580,-0.66795,13.39333333,16.52,10.27,678.6,6,2
579,-0.66795,13.40333333,16.5,10.31,678.1,6,2
578,-0.96361,13.41,16.48,10.34,677.6,6,2
577,-0.96361,13.43333333,16.49,10.37,677.1,6,2
576,-0.96361,13.39,16.4,10.38,676.6,6,2
575,-0.96361,13.41666667,16.41,10.43,676.1,6,2
574,-0.96361,13.4,16.37,10.43,675.6,6,2
573,-0.96361,13.36666667,16.3,10.43,675.1,5,2
572,-0.96361,13.33166667,16.25,10.42,674.6,5,2
571,-0.96361,13.33166667,16.23,10.43,674,5,2
570,-0.96361,13.33166667,16.22,10.44,673.5,5,2
569,-0.96361,13.345,16.24,10.45,673,5,2
568,-0.66795,13.37333333,16.26,10.48,672.4,5,2
567,-0.96361,13.40666667,16.29,10.53,671.9,5,2
566,-0.96361,13.385,16.23,10.54,671.4,5,2
565,-0.69427,13.405,16.26,10.55,670.9,5,3
564,-0.69427,13.44833333,16.31,10.59,670.3,5,3
563,-0.69427,13.44833333,16.32,10.57,669.8,5,3
562,-0.39861,13.46833333,16.34,10.59,669.2,5,3
561,-0.39861,13.475,16.38,10.57,668.6,5,3
560,-0.39861,13.49666667,16.42,10.57,668.1,5,3
559,-0.39861,13.53166667,16.48,10.59,667.5,5,3
558,-0.39861,13.615,16.61,10.62,667.1,5,3
557,-0.39861,13.67833333,16.73,10.63,666.4,5,3
556,-0.39861,13.71166667,16.8,10.62,665.8,5,3
555,-0.39861,13.73833333,16.87,10.61,665.3,5,3
554,-0.39861,13.79666667,16.98,10.61,664.7,5,3
553,-0.39861,13.82333333,17.04,10.6,664.2,4,2
552,-0.66795,13.83833333,17.08,10.59,663.7,4,2
551,-0.66795,13.93333333,17.23,10.64,663.1,4,2
550,-0.66795,13.96166667,17.29,10.63,662.6,4,2
549,-0.66795,NaN,NaN,NaN,662,4,2
548,-0.66795,NaN,NaN,NaN,661.5,4,2
547,-0.37229,NaN,NaN,NaN,661,4,2
546,-0.37229,NaN,NaN,NaN,660.5,4,2
545,-0.37229,NaN,NaN,NaN,660,4,2
544,-0.37229,NaN,NaN,NaN,659.6,4,2
543,-0.37229,NaN,NaN,NaN,659,4,2
542,-0.10295,NaN,NaN,NaN,658.6,4,3
541,-0.10295,NaN,NaN,NaN,658.1,4,3
540,-0.10295,NaN,NaN,NaN,657.7,4,3
539,-0.10295,NaN,NaN,NaN,657.1,4,3
538,0.192713,NaN,NaN,NaN,656.5,4,3
537,0.462061,NaN,NaN,NaN,655.9,4,4
536,0.166401,NaN,NaN,NaN,655.4,4,4
535,0.166401,NaN,NaN,NaN,654.9,4,4
534,0.166401,NaN,NaN,NaN,654.3,3,4
533,0.166401,NaN,NaN,NaN,653.8,3,4
532,0.166401,NaN,NaN,NaN,653.2,3,4
531,0.166401,NaN,NaN,NaN,652.6,3,4
530,0.166401,NaN,NaN,NaN,652.1,4,4
529,0.166401,NaN,NaN,NaN,651.5,4,4
528,0.166401,NaN,NaN,NaN,651,4,4
527,0.166401,NaN,NaN,NaN,650.5,4,4
526,0.166401,NaN,NaN,NaN,650,4,4
525,0.166401,NaN,NaN,NaN,649.5,4,4
524,0.166401,NaN,NaN,NaN,649,4,4
523,0.166401,NaN,NaN,NaN,648.5,4,4
522,0.166401,NaN,NaN,NaN,648,4,4
521,0.166401,NaN,NaN,NaN,647.5,4,4
520,0.166401,NaN,NaN,NaN,647.1,4,4
519,0.166401,NaN,NaN,NaN,646.5,4,4
518,0.166401,NaN,NaN,NaN,646,4,4
517,0.166401,NaN,NaN,NaN,645.4,4,4
516,0.166401,NaN,NaN,NaN,644.8,4,4
515,0.166401,NaN,NaN,NaN,644.3,4,4
514,0.166401,NaN,NaN,NaN,643.7,4,4
513,0.166401,NaN,NaN,NaN,643.1,4,4
512,0.166401,NaN,NaN,NaN,642.5,4,4
511,0.166401,NaN,NaN,NaN,641.9,4,4
510,0.166401,NaN,NaN,NaN,641.4,4,4
509,0.166401,NaN,NaN,NaN,640.9,4,4
508,0.166401,NaN,NaN,NaN,640.3,4,4
507,0.166401,NaN,NaN,NaN,639.8,4,4
506,0.166401,NaN,NaN,NaN,639.2,4,4
505,0.166401,NaN,NaN,NaN,638.7,4,4
504,0.166401,NaN,NaN,NaN,638.2,4,4
503,0.166401,NaN,NaN,NaN,637.7,4,4
502,0.166401,NaN,NaN,NaN,637.1,4,4
501,0.166401,NaN,NaN,NaN,636.7,4,4
500,0.166401,NaN,NaN,NaN,636.1,3,4
499,0.536049,NaN,NaN,NaN,635.5,3,NaN
498,0.536049,NaN,NaN,NaN,635,3,NaN
497,1.127368,NaN,NaN,NaN,634.4,3,NaN
496,1.127368,NaN,NaN,NaN,633.9,3,NaN
495,1.127368,NaN,NaN,NaN,633.3,3,NaN
494,1.127368,NaN,NaN,NaN,632.7,3,NaN
493,1.127368,NaN,NaN,NaN,632.2,3,NaN
492,1.127368,NaN,NaN,NaN,631.6,3,NaN
491,1.127368,NaN,NaN,NaN,631.1,3,NaN
490,1.127368,NaN,NaN,NaN,630.5,3,NaN
489,1.127368,NaN,NaN,NaN,629.9,3,NaN
488,1.127368,NaN,NaN,NaN,629.4,3,NaN
487,1.127368,NaN,NaN,NaN,628.8,3,NaN
486,1.127368,NaN,NaN,NaN,628.2,3,NaN
485,1.127368,NaN,NaN,NaN,627.7,3,NaN
484,1.127368,NaN,NaN,NaN,627.2,3,NaN
483,1.127368,NaN,NaN,NaN,626.6,2,NaN
482,1.127368,NaN,NaN,NaN,626,2,NaN
481,1.127368,NaN,NaN,NaN,625.6,2,NaN
480,1.127368,NaN,NaN,NaN,625,2,NaN
479,1.127368,NaN,NaN,NaN,624.5,2,NaN
478,1.127368,NaN,NaN,NaN,624.1,2,NaN
477,1.127368,NaN,NaN,NaN,623.6,2,NaN
476,1.127368,NaN,NaN,NaN,623.1,2,NaN
475,1.127368,NaN,NaN,NaN,622.6,2,NaN
474,1.127368,NaN,NaN,NaN,622.1,2,NaN
473,1.127368,NaN,NaN,NaN,621.5,2,NaN
472,1.127368,NaN,NaN,NaN,621,2,NaN
471,1.127368,NaN,NaN,NaN,620.4,2,NaN
470,1.127368,NaN,NaN,NaN,619.9,2,NaN
469,1.127368,NaN,NaN,NaN,619.4,2,NaN
468,1.127368,NaN,NaN,NaN,618.9,2,NaN
467,0.536049,NaN,NaN,NaN,618.4,2,NaN
466,0.536049,NaN,NaN,NaN,617.8,2,NaN
465,0.536049,NaN,NaN,NaN,617.3,2,NaN
464,0.536049,NaN,NaN,NaN,616.7,2,NaN
463,0.536049,NaN,NaN,NaN,616.3,2,NaN
462,0.536049,NaN,NaN,NaN,615.7,2,NaN
461,-0.05527,NaN,NaN,NaN,615.2,2,NaN
460,-0.05527,NaN,NaN,NaN,614.7,2,NaN
459,-0.05527,NaN,NaN,NaN,614.1,2,NaN
458,-0.05527,NaN,NaN,NaN,613.7,2,NaN
457,-0.05527,NaN,NaN,NaN,613.1,2,NaN
456,-0.05527,NaN,NaN,NaN,612.6,2,NaN
455,-0.05527,NaN,NaN,NaN,612.1,2,NaN
454,-0.05527,NaN,NaN,NaN,611.6,2,NaN
453,-0.05527,NaN,NaN,NaN,611.1,2,NaN
452,0.536049,NaN,NaN,NaN,610.7,2,NaN
451,0.536049,NaN,NaN,NaN,610,2,NaN
450,0.536049,NaN,NaN,NaN,609.6,2,NaN
449,0.536049,NaN,NaN,NaN,609,2,
448,0.536049,NaN,NaN,NaN,608.5,2,
447,0.536049,NaN,NaN,NaN,607.9,2,
446,-0.05527,NaN,NaN,NaN,607.5,2,
445,-0.05527,NaN,NaN,NaN,606.8,2,
444,-0.05527,NaN,NaN,NaN,606.3,2,
443,-0.05527,NaN,NaN,NaN,605.8,2,
442,-0.05527,NaN,NaN,NaN,605.2,2,
441,-0.05527,NaN,NaN,NaN,604.7,2,
440,-0.05527,NaN,NaN,NaN,604.2,2,
439,-0.05527,NaN,NaN,NaN,603.7,2,
438,-0.05527,NaN,NaN,NaN,603.1,2,
437,-0.64659,NaN,NaN,NaN,602.5,1,
436,-0.64659,NaN,NaN,NaN,602.1,1,
435,-0.64659,NaN,NaN,NaN,601.5,1,
434,-0.64659,NaN,NaN,NaN,600.8,1,
433,-0.64659,NaN,NaN,NaN,600.3,1,
432,-0.64659,NaN,NaN,NaN,599.8,1,
431,-0.64659,NaN,NaN,NaN,599.1,1,
430,-0.64659,NaN,NaN,NaN,598.5,1,
429,-0.64659,NaN,NaN,NaN,597.9,1,
428,-0.64659,NaN,NaN,NaN,597.3,1,
427,-0.05527,NaN,NaN,NaN,596.6,1,
426,-0.05527,NaN,NaN,NaN,596.1,1,
425,-0.05527,NaN,NaN,NaN,595.5,1,
424,-0.05527,NaN,NaN,NaN,594.9,1,
423,-0.05527,NaN,NaN,NaN,594.3,1,
422,-0.05527,NaN,NaN,NaN,593.7,1,
421,-0.05527,NaN,NaN,NaN,593.1,1,
420,-0.05527,NaN,NaN,NaN,592.6,1,
419,-0.05527,NaN,NaN,NaN,591.9,1,
418,-0.05527,NaN,NaN,NaN,591,1,
417,-0.05527,NaN,NaN,NaN,590.3,1,
416,-0.05527,NaN,NaN,NaN,589.6,1,
415,-0.05527,NaN,NaN,NaN,588.9,1,
414,0.536049,NaN,NaN,NaN,588.2,1,
413,0.536049,NaN,NaN,NaN,587.4,1,
412,-0.05527,NaN,NaN,NaN,586.7,1,
411,-0.05527,NaN,NaN,NaN,586,1,
410,-0.05527,NaN,NaN,NaN,585.4,1,
409,-0.05527,NaN,NaN,NaN,584.7,1,
408,-0.05527,NaN,NaN,NaN,583.9,2,
407,-0.05527,NaN,NaN,NaN,583.2,2,
406,-0.05527,NaN,NaN,NaN,582.4,2,
405,0.536049,NaN,NaN,NaN,581.8,2,
404,NaN,NaN,NaN,NaN,581.1,2,
403,NaN,NaN,NaN,NaN,580.4,2,
402,NaN,NaN,NaN,NaN,579.8,2,
401,NaN,NaN,NaN,NaN,579.1,2,
400,NaN,NaN,NaN,NaN,578.4,2,
399,NaN,NaN,NaN,NaN,577.7,2,
398,NaN,NaN,NaN,NaN,577,2,
397,NaN,NaN,NaN,NaN,576.4,2,
396,NaN,NaN,NaN,NaN,575.7,2,
395,NaN,NaN,NaN,NaN,574.9,2,
394,NaN,NaN,NaN,NaN,574.3,2,
393,NaN,NaN,NaN,NaN,573.6,2,
392,NaN,NaN,NaN,NaN,572.9,2,
391,NaN,NaN,NaN,NaN,572.1,2,
390,NaN,NaN,NaN,NaN,571.5,2,
389,NaN,NaN,NaN,NaN,570.7,3,
388,NaN,NaN,NaN,NaN,570.1,3,
387,NaN,NaN,NaN,NaN,569.4,3,
386,NaN,NaN,NaN,NaN,568.6,3,
385,NaN,NaN,NaN,NaN,567.9,3,
384,NaN,NaN,NaN,NaN,567.2,3,
383,NaN,NaN,NaN,NaN,566.5,3,
382,NaN,NaN,NaN,NaN,565.8,3,
381,NaN,NaN,NaN,NaN,565.2,3,
380,NaN,NaN,NaN,NaN,564.5,3,
379,NaN,NaN,NaN,NaN,563.8,3,
378,NaN,NaN,NaN,NaN,563.1,3,
377,NaN,NaN,NaN,NaN,562.5,3,
376,NaN,NaN,NaN,NaN,561.8,3,
375,NaN,NaN,NaN,NaN,561.2,3,
374,NaN,NaN,NaN,NaN,560.5,3,
373,NaN,NaN,NaN,NaN,559.8,3,
372,NaN,NaN,NaN,NaN,559,3,
371,NaN,NaN,NaN,NaN,558.3,3,
370,NaN,NaN,NaN,NaN,557.7,3,
369,NaN,NaN,NaN,NaN,556.9,3,
368,NaN,NaN,NaN,NaN,556.3,3,
367,NaN,NaN,NaN,NaN,555.6,3,
366,NaN,NaN,NaN,NaN,554.9,3,
365,NaN,NaN,NaN,NaN,554.2,3,
364,NaN,NaN,NaN,NaN,553.5,3,
363,NaN,NaN,NaN,NaN,552.8,3,
362,NaN,NaN,NaN,NaN,552.1,2,
361,NaN,NaN,NaN,NaN,551.5,2,
360,NaN,NaN,NaN,NaN,550.8,2,
359,NaN,NaN,NaN,NaN,550.1,2,
358,NaN,NaN,NaN,NaN,549.4,2,
357,NaN,NaN,NaN,NaN,548.8,2,
356,NaN,NaN,NaN,NaN,548.1,3,
355,NaN,NaN,NaN,NaN,547.4,3,
,,NaN,NaN,NaN,546.7,3,
,,NaN,NaN,NaN,546,3,
,,NaN,NaN,NaN,545.2,3,
,,NaN,NaN,NaN,544.6,3,
,,NaN,NaN,NaN,544,4,
,,NaN,NaN,NaN,543.3,4,
,,NaN,NaN,NaN,542.5,4,
,,NaN,NaN,NaN,541.9,4,
,,NaN,NaN,NaN,541.3,4,
,,NaN,NaN,NaN,540.5,4,
,,NaN,NaN,NaN,539.8,4,
,,NaN,NaN,NaN,539,4,
,,NaN,NaN,NaN,538.3,4,
,,NaN,NaN,NaN,537.6,4,
,,NaN,NaN,NaN,536.7,4,
,,NaN,NaN,NaN,535.6,4,
,,NaN,NaN,NaN,534.6,4,
,,NaN,NaN,NaN,533.5,4,
,,NaN,NaN,NaN,532.6,4,
,,NaN,NaN,NaN,531.6,4,
,,NaN,NaN,NaN,530.8,4,
,,NaN,NaN,NaN,529.8,4,
,,NaN,NaN,NaN,528.8,4,
,,NaN,NaN,NaN,527.9,4,
,,NaN,NaN,NaN,527,4,
,,NaN,NaN,NaN,526.3,NaN,
,,NaN,NaN,NaN,525.4,NaN,
,,NaN,NaN,NaN,524.5,NaN,
,,NaN,NaN,NaN,523.6,NaN,
,,NaN,NaN,NaN,522.7,NaN,
,,NaN,NaN,NaN,521.9,NaN,
,,NaN,NaN,NaN,521.1,NaN,
,,NaN,NaN,NaN,520.2,NaN,
,,NaN,NaN,NaN,519.3,NaN,
,,NaN,NaN,NaN,518.4,NaN,
,,NaN,NaN,NaN,517.4,NaN,
,,NaN,NaN,NaN,516.3,NaN,
,,NaN,NaN,NaN,515.3,NaN,
,,NaN,NaN,NaN,514.3,NaN,
,,NaN,NaN,NaN,513.3,NaN,
,,NaN,NaN,NaN,512.2,NaN,
,,NaN,NaN,NaN,511.2,NaN,
,,NaN,NaN,NaN,510.2,NaN,
,,NaN,NaN,NaN,509.2,NaN,
,,NaN,NaN,NaN,508.3,NaN,
,,NaN,NaN,NaN,507.2,NaN,
,,NaN,NaN,NaN,506.2,NaN,
,,NaN,NaN,NaN,505.1,NaN,
,,NaN,NaN,NaN,504.1,NaN,
,,NaN,NaN,NaN,503.1,NaN,
,,NaN,NaN,NaN,502.1,NaN,
,,NaN,NaN,NaN,501.3,NaN,
,,NaN,NaN,NaN,500.4,NaN,
,,NaN,NaN,NaN,499.4,NaN,
,,NaN,NaN,NaN,498.5,NaN,
,,NaN,NaN,NaN,497.4,NaN,
,,NaN,NaN,NaN,496.3,NaN,
,,NaN,NaN,NaN,495.3,NaN,
,,NaN,NaN,NaN,494.1,NaN,
,,NaN,NaN,NaN,493.1,NaN,
,,NaN,NaN,NaN,492,NaN,
,,NaN,NaN,NaN,491,NaN,
,,NaN,NaN,NaN,489.9,NaN,
,,NaN,NaN,NaN,488.9,NaN,
,,NaN,NaN,NaN,487.9,NaN,
,,NaN,NaN,NaN,486.8,NaN,
,,NaN,NaN,NaN,485.8,NaN,
,,NaN,NaN,NaN,484.8,NaN,
,,NaN,NaN,NaN,483.9,NaN,
,,NaN,NaN,NaN,482.9,NaN,
,,NaN,NaN,NaN,481.9,NaN,
,,NaN,NaN,NaN,480.9,NaN,
,,NaN,NaN,NaN,479.9,NaN,
,,NaN,NaN,NaN,478.8,NaN,
,,NaN,NaN,NaN,478,NaN,
,,NaN,NaN,NaN,476.9,NaN,
,,NaN,NaN,NaN,,,
,,NaN,NaN,NaN,,,
,,NaN,NaN,NaN,,,
,,NaN,NaN,NaN,,,
,,NaN,NaN,NaN,,,
,,NaN,NaN,NaN,,,
,,NaN,NaN,NaN,,,
,,NaN,NaN,NaN,,,
,,NaN,NaN,NaN,,,
,,NaN,NaN,NaN,,,
,,NaN,NaN,NaN,,,
,,NaN,NaN,NaN,,,
,,NaN,NaN,NaN,,,
,,NaN,NaN,NaN,,,
,,NaN,NaN,NaN,,,
,,NaN,NaN,NaN,,,
,,NaN,NaN,NaN,,,
,,NaN,NaN,NaN,,,
,,NaN,NaN,NaN,,,
,,NaN,NaN,NaN,,,
,,NaN,NaN,NaN,,,
,,NaN,NaN,NaN,,,
,,NaN,NaN,NaN,,,
,,NaN,NaN,NaN,,,
,,NaN,NaN,NaN,,,
,,NaN,NaN,NaN,,,
,,NaN,NaN,NaN,,,
,,NaN,NaN,NaN,,,
,,NaN,NaN,NaN,,,
,,NaN,NaN,NaN,,,
,,NaN,NaN,NaN,,,
,,NaN,NaN,NaN,,,
,,NaN,NaN,NaN,,,
,,NaN,NaN,NaN,,,
,,NaN,NaN,NaN,,,
,,NaN,NaN,NaN,,,
,,NaN,NaN,NaN,,,
,,NaN,NaN,NaN,,,
,,NaN,NaN,NaN,,,
,,NaN,NaN,NaN,,,
,,NaN,NaN,NaN,,,
,,NaN,NaN,NaN,,,
,,NaN,NaN,NaN,,,
,,NaN,NaN,NaN,,,
,,NaN,NaN,NaN,,,
,,NaN,NaN,NaN,,,
,,NaN,NaN,NaN,,,
,,NaN,NaN,NaN,,,
,,NaN,NaN,NaN,,,
,,NaN,NaN,NaN,,,
,,NaN,NaN,NaN,,,
,,NaN,NaN,NaN,,,
,,NaN,NaN,NaN,,,
,,NaN,NaN,NaN,,,
,,NaN,NaN,NaN,,,
,,NaN,NaN,NaN,,,
,,NaN,NaN,NaN,,,
,,NaN,NaN,NaN,,,
,,NaN,NaN,NaN,,,
,,NaN,NaN,NaN,,,
,,NaN,NaN,NaN,,,
,,NaN,NaN,NaN,,,
,,NaN,NaN,NaN,,,
,,NaN,NaN,NaN,,,
,,NaN,NaN,NaN,,,
,,NaN,NaN,NaN,,,
,,NaN,NaN,NaN,,,
,,NaN,NaN,NaN,,,
,,NaN,NaN,NaN,,,
,,NaN,NaN,NaN,,,
,,NaN,NaN,NaN,,,
,,NaN,NaN,NaN,,,
,,NaN,NaN,NaN,,,
,,NaN,NaN,NaN,,,
,,NaN,NaN,NaN,,,
,,NaN,NaN,NaN,,,
,,NaN,NaN,NaN,,,
,,NaN,NaN,NaN,,,
,,NaN,NaN,NaN,,,